,phs,mu,std
0,-22.0833333333,0.0,0.0
1,-22.0416666667,0.0,0.0
2,-22.0,0.0,0.0
3,-21.9583333333,0.0,0.0
4,-21.9166666667,0.0,0.0
5,-21.875,0.0,0.0
6,-21.8333333333,0.0,0.0
7,-21.7916666667,0.0,0.0
8,-21.75,0.0,0.0
9,-21.7083333333,0.0,0.0
10,-21.6666666667,0.0,0.0
11,-21.625,0.0,0.0
12,-21.5833333333,0.0,0.0
13,-21.5416666667,0.0,0.0
14,-21.5,0.0,0.0
15,-21.4583333333,0.0,0.0
16,-21.4166666667,0.0,0.0
17,-21.375,0.0,0.0
18,-21.3333333333,0.0,0.0
19,-21.2916666667,0.0,0.0
20,-21.25,0.0,0.0
21,-21.2083333333,0.0,0.0
22,-21.1666666667,0.0,0.0
23,-21.125,0.0,0.0
24,-21.0833333333,0.0,0.0
25,-21.0416666667,0.0,0.0
26,-21.0,0.0,0.0
27,-20.9583333333,0.0,0.0
28,-20.9166666667,0.0,0.0
29,-20.875,0.0,0.0
30,-20.8333333333,0.0,0.0
31,-20.7916666667,0.0,0.0
32,-20.75,0.0,0.0
33,-20.7083333333,0.0,0.0
34,-20.6666666667,0.0,0.0
35,-20.625,0.0,0.0
36,-20.5833333333,0.0,0.0
37,-20.5416666667,0.0,0.0
38,-20.5,0.0,0.0
39,-20.4583333333,0.0,0.0
40,-20.4166666667,0.0,0.0
41,-20.375,0.0,0.0
42,-20.3333333333,0.0,0.0
43,-20.2916666667,0.0,0.0
44,-20.25,0.0,0.0
45,-20.2083333333,0.0,0.0
46,-20.1666666667,0.0,0.0
47,-20.125,0.0,0.0
48,-20.0833333333,0.0,0.0
49,-20.0416666667,0.0,0.0
50,-20.0,0.0,0.0
51,-19.9583333333,0.0,0.0
52,-19.9166666667,0.0,0.0
53,-19.875,0.0,0.0
54,-19.8333333333,0.0,0.0
55,-19.7916666667,0.0,0.0
56,-19.75,0.0,0.0
57,-19.7083333333,0.0,0.0
58,-19.6666666667,0.0,0.0
59,-19.625,0.0,0.0
60,-19.5833333333,0.0,0.0
61,-19.5416666667,0.0,0.0
62,-19.5,0.0,0.0
63,-19.4583333333,0.0,0.0
64,-19.4166666667,0.0,0.0
65,-19.375,0.0,0.0
66,-19.3333333333,0.0,0.0
67,-19.2916666667,0.0,0.0
68,-19.25,0.0,0.0
69,-19.2083333333,0.0,0.0
70,-19.1666666667,0.0,0.0
71,-19.125,0.0,0.0
72,-19.0833333333,0.0,0.0
73,-19.0416666667,0.0,0.0
74,-19.0,0.0,0.0
75,-18.9583333333,0.0,0.0
76,-18.9166666667,0.0,0.0
77,-18.875,0.0,0.0
78,-18.8333333333,0.0,0.0
79,-18.7916666667,0.0,0.0
80,-18.75,0.0,0.0
81,-18.7083333333,0.0,0.0
82,-18.6666666667,0.0,0.0
83,-18.625,0.0,0.0
84,-18.5833333333,0.0,0.0
85,-18.5416666667,0.0,0.0
86,-18.5,0.0,0.0
87,-18.4583333333,0.0,0.0
88,-18.4166666667,0.0,0.0
89,-18.375,0.0,0.0
90,-18.3333333333,0.0,0.0
91,-18.2916666667,0.0,0.0
92,-18.25,0.0,0.0
93,-18.2083333333,0.0,0.0
94,-18.1666666667,0.0,0.0
95,-18.125,0.0,0.0
96,-18.0833333333,0.0,0.0
97,-18.0416666667,0.0,0.0
98,-18.0,0.0,0.0
99,-17.9583333333,0.0,0.0
100,-17.9166666667,0.0,0.0
101,-17.875,0.0,0.0
102,-17.8333333333,0.0,0.0
103,-17.7916666667,0.0,0.0
104,-17.75,0.0,0.0
105,-17.7083333333,0.0,0.0
106,-17.6666666667,0.0,0.0
107,-17.625,0.0,0.0
108,-17.5833333333,0.0,0.0
109,-17.5416666667,0.0,0.0
110,-17.5,0.0,0.0
111,-17.4583333333,0.0,0.0
112,-17.4166666667,0.0,0.0
113,-17.375,0.0,0.0
114,-17.3333333333,0.0,0.0
115,-17.2916666667,0.0,0.0
116,-17.25,0.0,0.0
117,-17.2083333333,0.0,0.0
118,-17.1666666667,0.0,0.0
119,-17.125,0.0,0.0
120,-17.0833333333,0.0,0.0
121,-17.0416666667,0.0,0.0
122,-17.0,0.0,0.0
123,-16.9583333333,0.0,0.0
124,-16.9166666667,0.0,0.0
125,-16.875,0.0,0.0
126,-16.8333333333,0.0,0.0
127,-16.7916666667,0.0,0.0
128,-16.75,0.0,0.0
129,-16.7083333333,0.0,0.0
130,-16.6666666667,0.0,0.0
131,-16.625,0.0,0.0
132,-16.5833333333,0.0,0.0
133,-16.5416666667,0.0,0.0
134,-16.5,0.0,0.0
135,-16.4583333333,0.0,0.0
136,-16.4166666667,0.0,0.0
137,-16.375,0.0,0.0
138,-16.3333333333,0.0,0.0
139,-16.2916666667,0.0,0.0
140,-16.25,0.0,0.0
141,-16.2083333333,0.0,0.0
142,-16.1666666667,0.0,0.0
143,-16.125,0.0,0.0
144,-16.0833333333,0.0,0.0
145,-16.0416666667,0.0,0.0
146,-16.0,0.0,0.0
147,-15.9583333333,0.0,0.0
148,-15.9166666667,0.0,0.0
149,-15.875,0.0,0.0
150,-15.8333333333,0.0,0.0
151,-15.7916666667,0.0,0.0
152,-15.75,0.0,0.0
153,-15.7083333333,0.0,0.0
154,-15.6666666667,0.0,0.0
155,-15.625,0.0,0.0
156,-15.5833333333,0.0,0.0
157,-15.5416666667,0.0,0.0
158,-15.5,0.0,0.0
159,-15.4583333333,0.0,0.0
160,-15.4166666667,0.0,0.0
161,-15.375,0.0,0.0
162,-15.3333333333,0.0,0.0
163,-15.2916666667,0.0,0.0
164,-15.25,0.0,0.0
165,-15.2083333333,0.0,0.0
166,-15.1666666667,0.0,0.0
167,-15.125,0.0,0.0
168,-15.0833333333,0.0,0.0
169,-15.0416666667,0.0,0.0
170,-15.0,0.0,0.0
171,-14.9583333333,0.0,0.0
172,-14.9166666667,0.0,0.0
173,-14.875,0.0,0.0
174,-14.8333333333,0.0,0.0
175,-14.7916666667,0.0,0.0
176,-14.75,0.0,0.0
177,-14.7083333333,0.0,0.0
178,-14.6666666667,0.0,0.0
179,-14.625,0.0,0.0
180,-14.5833333333,0.0,0.0
181,-14.5416666667,0.0,0.0
182,-14.5,0.0,0.0
183,-14.4583333333,0.0,0.0
184,-14.4166666667,0.0,0.0
185,-14.375,0.0,0.0
186,-14.3333333333,0.0,0.0
187,-14.2916666667,0.0,0.0
188,-14.25,0.0,0.0
189,-14.2083333333,0.0,0.0
190,-14.1666666667,0.0,0.0
191,-14.125,0.0,0.0
192,-14.0833333333,0.0,0.0
193,-14.0416666667,0.0,0.0
194,-14.0,0.0,0.0
195,-13.9583333333,0.0,0.0
196,-13.9166666667,0.0,0.0
197,-13.875,0.0,0.0
198,-13.8333333333,0.0,0.0
199,-13.7916666667,0.0,0.0
200,-13.75,0.0,0.0
201,-13.7083333333,0.0,0.0
202,-13.6666666667,0.0,0.0
203,-13.625,0.0,0.0
204,-13.5833333333,0.0,0.0
205,-13.5416666667,0.0,0.0
206,-13.5,0.0,0.0
207,-13.4583333333,0.0,0.0
208,-13.4166666667,0.0,0.0
209,-13.375,0.0,0.0
210,-13.3333333333,0.0,0.0
211,-13.2916666667,0.0,0.0
212,-13.25,0.0,0.0
213,-13.2083333333,0.0,0.0
214,-13.1666666667,0.0,0.0
215,-13.125,0.0,0.0
216,-13.0833333333,0.0,0.0
217,-13.0416666667,0.0,0.0
218,-13.0,0.0,0.0
219,-12.9583333333,0.0,0.0
220,-12.9166666667,0.0,0.0
221,-12.875,0.0,0.0
222,-12.8333333333,0.0,0.0
223,-12.7916666667,0.0,0.0
224,-12.75,0.0,0.0
225,-12.7083333333,0.0,0.0
226,-12.6666666667,0.0,0.0
227,-12.625,0.0,0.0
228,-12.5833333333,0.0,0.0
229,-12.5416666667,0.0,0.0
230,-12.5,0.0,0.0
231,-12.4583333333,0.0,0.0
232,-12.4166666667,0.0,0.0
233,-12.375,0.0,0.0
234,-12.3333333333,0.0,0.0
235,-12.2916666667,0.0,0.0
236,-12.25,0.0,0.0
237,-12.2083333333,0.0,0.0
238,-12.1666666667,0.0,0.0
239,-12.125,0.0,0.0
240,-12.0833333333,0.0,0.0
241,-12.0416666667,-1.25413131714,0.694598138332
242,-12.0,-1.25413346291,0.694598138332
243,-11.9583333333,-1.25413548946,0.694598138332
244,-11.9166666667,-1.25413763523,0.694598138332
245,-11.875,-1.25413966179,0.694598138332
246,-11.8333333333,-1.25414168835,0.694598138332
247,-11.7916666667,-1.2541437149,0.694598138332
248,-11.75,-1.25414574146,0.694598138332
249,-11.7083333333,-1.25414776802,0.694598138332
250,-11.6666666667,-1.25414979458,0.694598138332
251,-11.625,-1.25415194035,0.694598138332
252,-11.5833333333,-1.25415384769,0.694598138332
253,-11.5416666667,-1.25415599346,0.694598138332
254,-11.5,-1.25415813923,0.694598138332
255,-11.4583333333,-1.25416004658,0.694598138332
256,-11.4166666667,-1.25416219234,0.694598138332
257,-11.375,-1.2541642189,0.694598138332
258,-11.3333333333,-1.25416624546,0.694598138332
259,-11.2916666667,-1.09319043159,0.602100431919
260,-11.25,-1.09319293499,0.602100431919
261,-11.2083333333,-1.09319531918,0.602100431919
262,-11.1666666667,-1.09319782257,0.602100431919
263,-11.125,-1.09320020676,0.602100431919
264,-11.0833333333,-1.09320271015,0.602100431919
265,-11.0416666667,-1.09320521355,0.602100431919
266,-11.0,-1.09320771694,0.602100431919
267,-10.9583333333,-1.09321022034,0.602100431919
268,-10.9166666667,-1.09321260452,0.602100431919
269,-10.875,-1.09321522713,0.602100431919
270,-10.8333333333,-1.09321773052,0.602100431919
271,-10.7916666667,-1.08555161953,0.66893184185
272,-10.75,-1.08555424213,0.66893184185
273,-10.7083333333,-1.08555674553,0.66893184185
274,-10.6666666667,-1.08555936813,0.66893184185
275,-10.625,-1.08556175232,0.66893184185
276,-10.5833333333,-1.08556425571,0.66893184185
277,-10.5416666667,-1.08556675911,0.66893184185
278,-10.5,-1.08556938171,0.66893184185
279,-10.4583333333,-1.08557188511,0.66893184185
280,-10.4166666667,-1.08557462692,0.66893184185
281,-10.375,-0.742148578167,0.468106627464
282,-10.3333333333,-0.742148578167,0.468106627464
283,-10.2916666667,-0.742148578167,0.468106627464
284,-10.25,-0.742148816586,0.468106627464
285,-10.2083333333,-0.74214887619,0.468106627464
286,-10.1666666667,-0.742148935795,0.468106627464
287,-10.125,-0.742148995399,0.468106627464
288,-10.0833333333,-0.742149114609,0.468106627464
289,-10.0416666667,-0.494593352079,0.465872853994
290,-10.0,-0.494594693184,0.465872853994
291,-9.95833333333,-0.494596004486,0.465872853994
292,-9.91666666667,-0.494597285986,0.465872853994
293,-9.875,-0.49459862709,0.465872853994
294,-9.83333333333,-0.494599848986,0.465872853994
295,-9.79166666667,-0.494601219893,0.465872853994
296,-9.75,-0.494602441788,0.465872853994
297,-9.70833333333,-0.494603902102,0.465872853994
298,-9.66666666667,-0.494605153799,0.465872853994
299,-9.625,-0.494606494904,0.465872853994
300,-9.58333333333,-0.494607776403,0.465872853994
301,-9.54166666667,-0.494609028101,0.465872853994
302,-9.5,-0.494610309601,0.465872853994
303,-9.45833333333,-0.494611680508,0.465872853994
304,-9.41666666667,-0.494612962008,0.465872853994
305,-9.375,-0.494614213705,0.465872853994
306,-9.33333333333,-0.494615584612,0.465872853994
307,-9.29166666667,-0.494616925716,0.465872853994
308,-9.25,-0.494618237019,0.465872853994
309,-9.20833333333,-0.494619548321,0.465872853994
310,-9.16666666667,-0.494620859623,0.465872853994
311,-9.125,-0.494622141123,0.465872853994
312,-9.08333333333,-0.494623452425,0.465872853994
313,-9.04166666667,-0.494624763727,0.465872853994
314,-9.0,-0.494626075029,0.465872853994
315,-8.95833333333,-0.494627326727,0.465872853994
316,-8.91666666667,-0.494628697634,0.465872853994
317,-8.875,-0.494630008936,0.465872853994
318,-8.83333333333,-0.494631320238,0.465872853994
319,-8.79166666667,-0.494632571936,0.465872853994
320,-8.75,-0.494633942842,0.465872853994
321,-8.70833333333,-0.494635164738,0.465872853994
322,-8.66666666667,-0.494636535645,0.465872853994
323,-8.625,-0.494637846947,0.465872853994
324,-8.58333333333,-0.494639158249,0.465872853994
325,-8.54166666667,-0.494640469551,0.465872853994
326,-8.5,-0.494641751051,0.465872853994
327,-8.45833333333,-0.494643002748,0.465872853994
328,-8.41666666667,-0.494644403458,0.465872853994
329,-8.375,-0.49464571476,0.465872853994
330,-8.33333333333,-0.49464699626,0.465872853994
331,-8.29166666667,-0.330283522606,0.461894154549
332,-8.25,-0.330286175013,0.461894154549
333,-8.20833333333,-0.330288827419,0.461894154549
334,-8.16666666667,-0.330291420221,0.461894154549
335,-8.125,-0.332732081413,0.495102912188
336,-8.08333333333,-0.332734793425,0.495102912188
337,-8.04166666667,-0.330096572638,0.464846372604
338,-8.0,-0.330099254847,0.464846372604
339,-7.95833333333,-0.33010199666,0.464846372604
340,-7.91666666667,-0.330104649067,0.464846372604
341,-7.875,-0.136512428522,0.37508481741
342,-7.83333333333,-0.136514514685,0.37508481741
343,-7.79166666667,-0.163388133049,0.356217861176
344,-7.75,-0.163389474154,0.356217861176
345,-7.70833333333,-0.163390785456,0.356217861176
346,-7.66666666667,-0.16339212656,0.356217861176
347,-7.625,-0.163393497467,0.356217861176
348,-7.58333333333,-0.163394778967,0.356217861176
349,-7.54166666667,-0.163396134973,0.356217861176
350,-7.5,-0.163397490978,0.356217861176
351,-7.45833333333,-0.163398846984,0.356217861176
352,-7.41666666667,-0.163400143385,0.356217861176
353,-7.375,-0.163401484489,0.356217861176
354,-7.33333333333,-0.163402855396,0.356217861176
355,-7.29166666667,-0.1634041816,0.356217861176
356,-7.25,-0.163405507803,0.356217861176
357,-7.20833333333,-0.16340687871,0.356217861176
358,-7.16666666667,-0.163408204913,0.356217861176
359,-7.125,0.0570957139134,0.186498507857
360,-7.08333333333,0.0570962876081,0.186498507857
361,-7.04166666667,0.0570968799293,0.186498507857
362,-7.0,0.0570974647999,0.186498507857
363,-6.95833333333,0.0570980422199,0.186498507857
364,-6.91666666667,0.0570986233652,0.186498507857
365,-6.875,0.0570992194116,0.186498507857
366,-6.83333333333,0.0570998042822,0.186498507857
367,-6.79166666667,0.0571003928781,0.186498507857
368,-6.75,0.0571009702981,0.186498507857
369,-6.70833333333,0.057101547718,0.186498507857
370,-6.66666666667,0.0571021586657,0.186498507857
371,-6.625,0.0556689165533,0.199681043625
372,-6.58333333333,0.0556695088744,0.199681043625
373,-6.54166666667,0.0569378137589,0.18425552547
374,-6.5,0.0569383688271,0.18425552547
375,-6.45833333333,0.0569389425218,0.18425552547
376,-6.41666666667,0.0569394975901,0.18425552547
377,-6.375,0.0569400526583,0.18425552547
378,-6.33333333333,0.0569405965507,0.18425552547
379,-6.29166666667,0.109743721783,0.178408384323
380,-6.25,0.109743766487,0.178408384323
381,-6.20833333333,0.109743818641,0.178408384323
382,-6.16666666667,0.109743855894,0.178408384323
383,-6.125,0.109743908048,0.178408384323
384,-6.08333333333,0.109743945301,0.178408384323
385,-6.04166666667,0.109743990004,0.178408384323
386,-6.0,0.109744042158,0.178408384323
387,-5.95833333333,0.109744079411,0.178408384323
388,-5.91666666667,0.109744131565,0.178408384323
389,-5.875,0.0799680575728,0.192984163761
390,-5.83333333333,0.0799677968025,0.192984163761
391,-5.79166666667,0.079967521131,0.192984163761
392,-5.75,0.0799672752619,0.192984163761
393,-5.70833333333,0.0799670144916,0.192984163761
394,-5.66666666667,0.0799667686224,0.192984163761
395,-5.625,0.0799665078521,0.192984163761
396,-5.58333333333,0.0799662321806,0.192984163761
397,-5.54166666667,0.079965993762,0.192984163761
398,-5.5,0.0799657255411,0.192984163761
399,-5.45833333333,0.0799654647708,0.192984163761
400,-5.41666666667,0.0799651965499,0.192984163761
401,-5.375,0.0799649581313,0.192984163761
402,-5.33333333333,0.0799646824598,0.192984163761
403,-5.29166666667,-0.0227341130376,0.256270289421
404,-5.25,-0.0227335952222,0.256270289421
405,-5.20833333333,-0.0227330699563,0.256270289421
406,-5.16666666667,-0.0227325595915,0.256270289421
407,-5.125,-0.0227320380509,0.256270289421
408,-5.08333333333,-0.0227315090597,0.256270289421
409,-5.04166666667,-0.0227309856564,0.256270289421
410,-5.0,-0.022730473429,0.256270289421
411,-4.95833333333,-0.0227299463004,0.256270289421
412,-4.91666666667,-0.0227294266224,0.256270289421
413,-4.875,-0.0227289162576,0.256270289421
414,-4.83333333333,-0.0227283835411,0.256270289421
415,-4.79166666667,-0.0227278713137,0.256270289421
416,-4.75,-0.0227273441851,0.256270289421
417,-4.70833333333,-0.0227268189192,0.256270289421
418,-4.66666666667,-0.0227262973785,0.256270289421
419,-4.625,-0.0227257870138,0.256270289421
420,-4.58333333333,-0.0227252598852,0.256270289421
421,-4.54166666667,-0.0227247402072,0.256270289421
422,-4.5,-0.0227242130786,0.256270289421
423,-4.45833333333,-0.0227237027138,0.256270289421
424,-4.41666666667,-0.0227231830359,0.256270289421
425,-4.375,-0.0227226540446,0.256270289421
426,-4.33333333333,-0.0227221455425,0.256270289421
427,-4.29166666667,0.0323098711669,0.249204292893
428,-4.25,0.0323097892106,0.249204292893
429,-4.20833333333,0.0323097072542,0.249204292893
430,-4.16666666667,0.0323096327484,0.249204292893
431,-4.125,-0.0246291533113,0.253895640373
432,-4.08333333333,-0.0246297568083,0.253895640373
433,-4.04166666667,-0.023362422362,0.239865601063
434,-4.0,-0.0233630444854,0.239865601063
435,-3.95833333333,-0.0233636703342,0.239865601063
436,-3.91666666667,-0.0233642905951,0.239865601063
437,-3.875,-0.0243120156229,0.257590800524
438,-3.83333333333,-0.0243126489222,0.257590800524
439,-3.79166666667,-0.0243132840842,0.257590800524
440,-3.75,-0.0243139248341,0.257590800524
441,-3.70833333333,-0.0243145730346,0.257590800524
442,-3.66666666667,-0.0243152026087,0.257590800524
443,-3.625,0.0651867762208,0.243084654212
444,-3.58333333333,0.065186791122,0.243084654212
445,-3.54166666667,0.0140945883468,0.248646974564
446,-3.5,0.0140948975459,0.248646974564
447,-3.45833333333,0.0140952058136,0.248646974564
448,-3.41666666667,0.0140955112875,0.248646974564
449,-3.375,0.0140958121046,0.248646974564
450,-3.33333333333,0.0140961203724,0.248646974564
451,-3.29166666667,0.0140964407474,0.248646974564
452,-3.25,0.0140967443585,0.248646974564
453,-3.20833333333,0.0140970572829,0.248646974564
454,-3.16666666667,0.0140973515809,0.248646974564
455,-3.125,0.014097652398,0.248646974564
456,-3.08333333333,0.0140979746357,0.248646974564
457,-3.04166666667,0.0140982884914,0.248646974564
458,-3.0,0.0140985893086,0.248646974564
459,-2.95833333333,0.0140989040956,0.248646974564
460,-2.91666666667,0.0140991993248,0.248646974564
461,-2.875,0.0140995113179,0.248646974564
462,-2.83333333333,0.0140998223796,0.248646974564
463,-2.79166666667,0.0141001334414,0.248646974564
464,-2.75,0.0141004463658,0.248646974564
465,-2.70833333333,0.0141007481143,0.248646974564
466,-2.66666666667,0.0141010526568,0.248646974564
467,-2.625,0.0141013711691,0.248646974564
468,-2.58333333333,0.0141016785055,0.248646974564
469,-2.54166666667,0.0141019811854,0.248646974564
470,-2.5,0.0141022847965,0.248646974564
471,-2.45833333333,0.0141025902703,0.248646974564
472,-2.41666666667,0.0141029078513,0.248646974564
473,-2.375,0.0127308079973,0.262931197882
474,-2.33333333333,0.0127311060205,0.262931197882
475,-2.29166666667,0.0127314040437,0.262931197882
476,-2.25,0.0127317095175,0.262931197882
477,-2.20833333333,0.0127320121974,0.262931197882
478,-2.16666666667,0.012732305564,0.262931197882
479,-2.125,-0.0824379175901,0.260639369488
480,-2.08333333333,-0.046731133014,0.165105387568
481,-2.04166666667,-0.0467315278947,0.165105387568
482,-2.0,-0.0467319153249,0.165105387568
483,-1.95833333333,-0.0467322990298,0.165105387568
484,-1.91666666667,-0.0467326976359,0.165105387568
485,-1.875,-0.0467330850661,0.165105387568
486,-1.83333333333,-0.0467334724963,0.165105387568
487,-1.79166666667,-0.0467338599265,0.165105387568
488,-1.75,-0.0467342548072,0.165105387568
489,-1.70833333333,-0.0467346422374,0.165105387568
490,-1.66666666667,-0.0467350371182,0.165105387568
491,-1.625,-0.0467354282737,0.165105387568
492,-1.58333333333,-0.0467358157039,0.165105387568
493,-1.54166666667,-0.0467362031341,0.165105387568
494,-1.5,-0.0467365831137,0.165105387568
495,-1.45833333333,-0.0467369779944,0.165105387568
496,-1.41666666667,-0.0467373579741,0.165105387568
497,-1.375,-0.0467377565801,0.165105387568
498,-1.33333333333,-0.0467381514609,0.165105387568
499,-1.29166666667,-0.0467385388911,0.165105387568
500,-1.25,-0.046738922596,0.165105387568
501,-1.20833333333,-0.046739321202,0.165105387568
502,-1.16666666667,-0.0467397049069,0.165105387568
503,-1.125,0.0331150107086,0.122299544513
504,-1.08333333333,0.0331153087318,0.122299544513
505,-1.04166666667,0.0331156104803,0.122299544513
506,-0.999999999999,0.0331159159541,0.122299544513
507,-0.958333333333,0.0331162214279,0.122299544513
508,-0.916666666666,0.0331165157259,0.122299544513
509,-0.874999999999,0.0331168211997,0.122299544513
510,-0.833333333333,0.0331171303988,0.122299544513
511,-0.791666666666,0.033117428422,0.122299544513
512,-0.749999999999,0.0331177264452,0.122299544513
513,-0.708333333333,0.0331180281937,0.122299544513
514,-0.666666666666,0.0331183336675,0.122299544513
515,-0.624999999999,0.0331186316907,0.122299544513
516,-0.583333333333,0.0331189259887,0.122299544513
517,-0.541666666666,0.0437747985125,0.131377741694
518,-0.499999999999,0.043774984777,0.131377741694
519,-0.458333333333,0.0437751859426,0.131377741694
520,-0.416666666666,0.0437753647566,0.131377741694
521,-0.374999999999,0.0437755472958,0.131377741694
522,-0.333333333333,0.0437757335603,0.131377741694
523,-0.291666666666,0.0450558029115,0.137816950679
524,-0.249999999999,0.0450559742749,0.137816950679
525,-0.208333333333,0.0450561456382,0.137816950679
526,-0.166666666666,0.0450563058257,0.137816950679
527,-0.124999999999,-0.0249650161713,0.127778455615
528,-0.0833333333327,-0.0249653663486,0.127778455615
529,-0.041666666666,-0.0249657221138,0.127778455615
530,6.26609875098e-13,-0.0249660741538,0.127778455615
531,0.0416666666673,-0.024966429919,0.127778455615
532,0.083333333334,-0.0249667800963,0.127778455615
533,0.125000000001,-0.0267065484077,0.125372469425
534,0.166666666667,-0.0267069153488,0.125372469425
535,0.208333333334,-0.0267072822899,0.125372469425
536,0.250000000001,-0.0267076548189,0.125372469425
537,0.291666666667,-0.0267080236226,0.125372469425
538,0.333333333334,-0.0267083905637,0.125372469425
539,0.375000000001,-0.0267087575048,0.125372469425
540,0.416666666667,-0.0267091263086,0.125372469425
541,0.458333333334,0.000768614117987,0.281631946564
542,0.500000000001,0.000767951773014,0.281631946564
543,0.541666666667,0.000767291814554,0.281631946564
544,0.583333333334,0.00076663197251,0.281631946564
545,0.625000000001,0.0582214556634,0.275860607624
546,0.666666666667,0.058221001178,0.275860607624
547,0.708333333334,0.0582205541432,0.275860607624
548,0.750000000001,0.0582200996578,0.275860607624
549,0.791666666667,0.0582196526229,0.275860607624
550,0.833333333334,0.0582192093134,0.275860607624
551,0.875000000001,0.0582187511027,0.275860607624
552,0.916666666667,0.0582183152437,0.275860607624
553,0.958333333334,0.0818941816688,0.347467243671
554,1.0,0.0818934887648,0.347467243671
555,1.04166666667,0.081892773509,0.347467243671
556,1.08333333333,0.0818920731544,0.347467243671
557,1.125,0.081891387701,0.347467243671
558,1.16666666667,0.0818906873465,0.347467243671
559,1.20833333333,0.0818899720907,0.347467243671
560,1.25,0.0818892866373,0.347467243671
561,1.29166666667,0.081888563931,0.347467243671
562,1.33333333333,0.0818878784776,0.347467243671
563,1.375,0.081887178123,0.347467243671
564,1.41666666667,0.0818864554167,0.347467243671
565,1.45833333333,0.0818857699633,0.347467243671
566,1.5,0.0818850696087,0.347467243671
567,1.54166666667,0.0818843767047,0.347467243671
568,1.58333333333,0.0818836763501,0.347467243671
569,1.625,0.081882968545,0.347467243671
570,1.66666666667,0.081882275641,0.347467243671
571,1.70833333333,0.0831335708499,0.33280724287
572,1.75,0.0831328555942,0.33280724287
573,1.79166666667,0.0831321403384,0.33280724287
574,1.83333333333,0.0831314399838,0.33280724287
575,1.875,0.0831307247281,0.33280724287
576,1.91666666667,0.083130016923,0.33280724287
577,1.95833333333,0.0826365873218,0.324435949326
578,2.0,0.0826358944178,0.324435949326
579,2.04166666667,0.0826352015138,0.324435949326
580,2.08333333333,0.455806195736,0.340736180544
581,2.125,0.455805897713,0.340736180544
582,2.16666666667,0.45580548048,0.340736180544
583,2.20833333333,0.455805152655,0.340736180544
584,2.25,0.45580470562,0.340736180544
585,2.29166666667,0.455804258585,0.340736180544
586,2.33333333333,0.455803900957,0.340736180544
587,2.375,0.455803602934,0.340736180544
588,2.41666666667,0.455803066492,0.340736180544
589,2.45833333333,0.455802798271,0.340736180544
590,2.5,0.455802321434,0.340736180544
591,2.54166666667,0.455802023411,0.340736180544
592,2.58333333333,0.455801576376,0.340736180544
593,2.625,0.455801188946,0.340736180544
594,2.66666666667,0.455800741911,0.340736180544
595,2.70833333333,0.268460392952,0.328045845032
596,2.75,0.268460899591,0.328045845032
597,2.79166666667,0.268461406231,0.328045845032
598,2.83333333333,0.268461942673,0.328045845032
599,2.875,0.26846241951,0.328045845032
600,2.91666666667,0.268462926149,0.328045845032
601,2.95833333333,0.268463432789,0.328045845032
602,3.0,0.268463939428,0.328045845032
603,3.04166666667,0.268464446068,0.328045845032
604,3.08333333333,0.26846498251,0.328045845032
605,3.125,0.268465459347,0.328045845032
606,3.16666666667,0.268465965986,0.328045845032
607,3.20833333333,0.268466472626,0.328045845032
608,3.25,0.268467009068,0.328045845032
609,3.29166666667,0.268467485905,0.328045845032
610,3.33333333333,0.268467992544,0.328045845032
611,3.375,0.268468528986,0.328045845032
612,3.41666666667,0.268469035625,0.328045845032
613,3.45833333333,0.268469542265,0.328045845032
614,3.5,0.268470048904,0.328045845032
615,3.54166666667,0.268470585346,0.328045845032
616,3.58333333333,0.268471062183,0.328045845032
617,3.625,0.273893475533,0.345533132553
618,3.66666666667,0.273894131184,0.345533132553
619,3.70833333333,0.308208614588,0.373825371265
620,3.75,0.30820903182,0.373825371265
621,3.79166666667,0.308209478855,0.373825371265
622,3.83333333333,0.30820992589,0.373825371265
623,3.875,0.309304773808,0.388577371836
624,3.91666666667,0.309305220842,0.388577371836
625,3.95833333333,0.309305667877,0.388577371836
626,4.0,0.309306114912,0.388577371836
627,4.04166666667,0.309306621552,0.388577371836
628,4.08333333333,0.309307038784,0.388577371836
629,4.125,0.309307485819,0.388577371836
630,4.16666666667,0.309307932854,0.388577371836
631,4.20833333333,0.309308350086,0.388577371836
632,4.25,0.309308856726,0.388577371836
633,4.29166666667,0.309309303761,0.388577371836
634,4.33333333333,0.309309750795,0.388577371836
635,4.375,0.309310227633,0.388577371836
636,4.41666666667,0.309310644865,0.388577371836
637,4.45833333333,0.317432254553,0.373788893223
638,4.5,0.317432522774,0.373788893223
639,4.54166666667,0.317432761192,0.373788893223
640,4.58333333333,0.317432999611,0.373788893223
641,4.625,0.291948080063,0.37463927269
642,4.66666666667,0.291948020458,0.37463927269
643,4.70833333333,0.291947931051,0.37463927269
644,4.75,0.291947901249,0.37463927269
645,4.79166666667,0.291947811842,0.37463927269
646,4.83333333333,0.291947811842,0.37463927269
647,4.875,0.291947722435,0.37463927269
648,4.91666666667,0.29194766283,0.37463927269
649,4.95833333333,0.291947603226,0.37463927269
650,5.0,0.291947543621,0.37463927269
651,5.04166666667,0.291947484016,0.37463927269
652,5.08333333333,0.291947424412,0.37463927269
653,5.125,0.268999099731,0.32601326704
654,5.16666666667,0.268998801708,0.32601326704
655,5.20833333333,0.268998473883,0.32601326704
656,5.25,0.268998205662,0.32601326704
657,5.29166666667,0.268997877836,0.32601326704
658,5.33333333333,0.268997609615,0.32601326704
659,5.375,0.268997311592,0.32601326704
660,5.41666666667,0.268996983767,0.32601326704
661,5.45833333333,0.294227570295,0.424293279648
662,5.5,0.294227033854,0.424293279648
663,5.54166666667,0.294226557016,0.424293279648
664,5.58333333333,0.294226050377,0.424293279648
665,5.625,0.29422557354,0.424293279648
666,5.66666666667,0.2942250669,0.424293279648
667,5.70833333333,0.294224560261,0.424293279648
668,5.75,0.294224113226,0.424293279648
669,5.79166666667,0.294223546982,0.424293279648
670,5.83333333333,0.294223099947,0.424293279648
671,5.875,0.295337170362,0.445923626423
672,5.91666666667,0.295336663723,0.445923626423
673,5.95833333333,0.295336157084,0.445923626423
674,6.0,0.295335680246,0.445923626423
675,6.04166666667,0.295335203409,0.445923626423
676,6.08333333333,0.295334726572,0.445923626423
677,6.125,0.298769623041,0.44645935297
678,6.16666666667,0.298769176006,0.44645935297
679,6.20833333333,0.298768669367,0.44645935297
680,6.25,0.298768222332,0.44645935297
681,6.29166666667,0.298767715693,0.44645935297
682,6.33333333333,0.298767268658,0.44645935297
683,6.375,0.298766762018,0.44645935297
684,6.41666666667,0.298766314983,0.44645935297
685,6.45833333333,0.379226326942,0.37363126874
686,6.5,0.379225283861,0.37363126874
687,6.54166666667,0.379224270582,0.37363126874
688,6.58333333333,0.379223257303,0.37363126874
689,6.625,0.379222244024,0.37363126874
690,6.66666666667,0.37922129035,0.37363126874
691,6.70833333333,0.379220247269,0.37363126874
692,6.75,0.379219204187,0.37363126874
693,6.79166666667,0.379218190908,0.37363126874
694,6.83333333333,0.379217177629,0.37363126874
695,6.875,0.490125209093,0.379582434893
696,6.91666666667,0.490124851465,0.379582434893
697,6.95833333333,0.490124493837,0.379582434893
698,7.0,0.490124166012,0.379582434893
699,7.04166666667,0.490123867989,0.379582434893
700,7.08333333333,0.490123540163,0.379582434893
701,7.125,0.490123182535,0.379582434893
702,7.16666666667,0.490122795105,0.379582434893
703,7.20833333333,0.490122467279,0.379582434893
704,7.25,0.490122199059,0.379582434893
705,7.29166666667,0.490121841431,0.379582434893
706,7.33333333333,0.490121513605,0.379582434893
707,7.375,0.49012118578,0.379582434893
708,7.41666666667,0.490120768547,0.379582434893
709,7.45833333333,0.485299021006,0.376742184162
710,7.5,0.485298722982,0.376742184162
711,7.54166666667,0.485298454762,0.376742184162
712,7.58333333333,0.485298097134,0.376742184162
713,7.625,0.485297828913,0.376742184162
714,7.66666666667,0.485297501087,0.376742184162
715,7.70833333333,0.485297262669,0.376742184162
716,7.75,0.485296905041,0.376742184162
717,7.79166666667,0.485296696424,0.376742184162
718,7.83333333333,0.485296338797,0.376742184162
719,7.875,0.469127953053,0.353024661541
720,7.91666666667,0.469127595425,0.353024661541
721,7.95833333333,0.481382757425,0.440981268883
722,8.0,0.481382250786,0.440981268883
723,8.04166666667,0.481381654739,0.440981268883
724,8.08333333333,0.4813811481,0.440981268883
725,8.125,0.481380581856,0.440981268883
726,8.16666666667,0.481380134821,0.440981268883
727,8.20833333333,0.55832952261,0.420038312674
728,8.25,0.55832862854,0.420038312674
729,8.29166666667,0.558327615261,0.420038312674
730,8.33333333333,0.558326661587,0.420038312674
731,8.375,0.558325767517,0.420038312674
732,8.41666666667,0.558324754238,0.420038312674
733,8.45833333333,0.558323681355,0.420038312674
734,8.5,0.55832272768,0.420038312674
735,8.54166666667,0.558321833611,0.420038312674
736,8.58333333333,0.558320879936,0.420038312674
737,8.625,0.665292084217,0.411730676889
738,8.66666666667,0.665291965008,0.411730676889
739,8.70833333333,0.665291786194,0.411730676889
740,8.75,0.665291547775,0.411730676889
741,8.79166666667,0.665291428566,0.411730676889
742,8.83333333333,0.665291249752,0.411730676889
743,8.875,0.665291130543,0.411730676889
744,8.91666666667,0.665290951729,0.411730676889
745,8.95833333333,0.660406649113,0.401046007872
746,9.0,0.660406649113,0.401046007872
747,9.04166666667,0.660406351089,0.401046007872
748,9.08333333333,0.660406291485,0.401046007872
749,9.125,0.660406172276,0.401046007872
750,9.16666666667,0.660405933857,0.401046007872
751,9.20833333333,0.660405933857,0.401046007872
752,9.25,0.660405814648,0.401046007872
753,9.29166666667,0.660405576229,0.401046007872
754,9.33333333333,0.66040545702,0.401046007872
755,9.375,0.660405397415,0.401046007872
756,9.41666666667,0.660405218601,0.401046007872
757,9.45833333333,0.660405039787,0.401046007872
758,9.5,0.660404920578,0.401046007872
759,9.54166666667,0.660404741764,0.401046007872
760,9.58333333333,0.660404622555,0.401046007872
761,9.625,0.643309593201,0.361846119165
762,9.66666666667,0.643309235573,0.361846119165
763,9.70833333333,0.653272330761,0.424455612898
764,9.75,0.653271973133,0.424455612898
765,9.79166666667,0.653271496296,0.424455612898
766,9.83333333333,0.653271198273,0.424455612898
767,9.875,0.65327078104,0.424455612898
768,9.91666666667,0.653270423412,0.424455612898
769,9.95833333333,0.647008657455,0.421129107475
770,10.0,0.647008419037,0.421129107475
771,10.0416666667,0.647008061409,0.421129107475
772,10.0833333333,0.64700782299,0.421129107475
773,10.125,0.647007465363,0.421129107475
774,10.1666666667,0.647007226944,0.421129107475
775,10.2083333333,0.638636887074,0.399594277143
776,10.25,0.638636767864,0.399594277143
777,10.2916666667,0.63863658905,0.399594277143
778,10.3333333333,0.638636469841,0.399594277143
779,10.375,0.638636291027,0.399594277143
780,10.4166666667,0.638636112213,0.399594277143
781,10.4583333333,0.638635933399,0.399594277143
782,10.5,0.638635873795,0.399594277143
783,10.5416666667,0.638635754585,0.399594277143
784,10.5833333333,0.638635635376,0.399594277143
785,10.625,0.674323141575,0.451830744743
786,10.6666666667,0.674323439598,0.451830744743
787,10.7083333333,0.674323558807,0.451830744743
788,10.75,0.674323797226,0.451830744743
789,10.7916666667,0.67432397604,0.451830744743
790,10.8333333333,0.674324154854,0.451830744743
791,10.875,0.674324393272,0.451830744743
792,10.9166666667,0.674324631691,0.451830744743
793,10.9583333333,0.674324810505,0.451830744743
794,11.0,0.674324989319,0.451830744743
795,11.0416666667,0.674325168133,0.451830744743
796,11.0833333333,0.674325406551,0.451830744743
797,11.125,0.674325585365,0.451830744743
798,11.1666666667,0.674325823784,0.451830744743
799,11.2083333333,0.674326002598,0.451830744743
800,11.25,0.674326241016,0.451830744743
801,11.2916666667,0.674326360226,0.451830744743
802,11.3333333333,0.674326658249,0.451830744743
803,11.375,0.674326777458,0.451830744743
804,11.4166666667,0.674327075481,0.451830744743
805,11.4583333333,0.674327194691,0.451830744743
806,11.5,0.674327373505,0.451830744743
807,11.5416666667,0.674327492714,0.451830744743
808,11.5833333333,0.674327909946,0.451830744743
809,11.625,0.682352244854,0.430441945791
810,11.6666666667,0.682352483273,0.430441945791
811,11.7083333333,0.682352602482,0.430441945791
812,11.75,0.68235296011,0.430441945791
813,11.7916666667,0.682353198528,0.430441945791
814,11.8333333333,0.682353436947,0.430441945791
815,11.875,0.682353794575,0.430441945791
816,11.9166666667,0.682353973389,0.430441945791
817,11.9583333333,0.684780240059,0.466987133026
818,12.0,0.684780538082,0.466987133026
819,12.0416666667,0.684780716896,0.466987133026
820,12.0833333333,0.684780955315,0.466987133026
821,12.125,0.675365388393,0.44597736001
822,12.1666666667,0.675365507603,0.44597736001
823,12.2083333333,0.675365746021,0.44597736001
824,12.25,0.675365805626,0.44597736001
825,12.2916666667,0.675366044044,0.44597736001
826,12.3333333333,0.675366222858,0.44597736001
827,12.375,0.628338217735,0.481173545122
828,12.4166666667,0.628338098526,0.481173545122
829,12.4583333333,0.628338158131,0.481173545122
830,12.5,0.628338038921,0.481173545122
831,12.5416666667,0.628337919712,0.481173545122
832,12.5833333333,0.628337979317,0.481173545122
833,12.625,0.628337800503,0.481173545122
834,12.6666666667,0.628337681293,0.481173545122
835,12.7083333333,0.702241003513,0.453338027
836,12.75,0.702240467072,0.453338027
837,12.7916666667,0.702239871025,0.453338027
838,12.8333333333,0.702239215374,0.453338027
839,12.875,0.702238559723,0.453338027
840,12.9166666667,0.702238082886,0.453338027
841,12.9583333333,0.702237427235,0.453338027
842,13.0,0.702236711979,0.453338027
843,13.0416666667,0.702236175537,0.453338027
844,13.0833333333,0.702235519886,0.453338027
845,13.125,0.71007412672,0.46087244153
846,13.1666666667,0.710073530674,0.46087244153
847,13.2083333333,0.710072994232,0.46087244153
848,13.25,0.71007245779,0.46087244153
849,13.2916666667,0.710071742535,0.46087244153
850,13.3333333333,0.710071206093,0.46087244153
851,13.375,0.71007078886,0.46087244153
852,13.4166666667,0.710070252419,0.46087244153
853,13.4583333333,0.710069537163,0.46087244153
854,13.5,0.71006911993,0.46087244153
855,13.5416666667,0.710068464279,0.46087244153
856,13.5833333333,0.710067987442,0.46087244153
857,13.625,0.710067451,0.46087244153
858,13.6666666667,0.710066914558,0.46087244153
859,13.7083333333,0.700520277023,0.463956028223
860,13.75,0.700519740582,0.463956028223
861,13.7916666667,0.700519382954,0.463956028223
862,13.8333333333,0.700518906116,0.463956028223
863,13.875,0.687549948692,0.418332755566
864,13.9166666667,0.687549293041,0.418332755566
865,13.9583333333,0.687548816204,0.418332755566
866,14.0,0.687548220158,0.418332755566
867,14.0416666667,0.68754774332,0.418332755566
868,14.0833333333,0.687547206879,0.418332755566
869,14.125,0.697512447834,0.421934455633
870,14.1666666667,0.697511970997,0.421934455633
871,14.2083333333,0.697511434555,0.421934455633
872,14.25,0.697511017323,0.421934455633
873,14.2916666667,0.697510421276,0.421934455633
874,14.3333333333,0.697510063648,0.421934455633
875,14.375,0.849381148815,0.471179962158
876,14.4166666667,0.849381387234,0.471179962158
877,14.4583333333,0.849381506443,0.471179962158
878,14.5,0.849381625652,0.471179962158
879,14.5416666667,0.849381804466,0.471179962158
880,14.5833333333,0.849381864071,0.471179962158
881,14.625,0.84938198328,0.471179962158
882,14.6666666667,0.849382042885,0.471179962158
883,14.7083333333,0.886407017708,0.433022797108
884,14.75,0.886406958103,0.433022797108
885,14.7916666667,0.886406898499,0.433022797108
886,14.8333333333,0.886406779289,0.433022797108
887,14.875,0.886406779289,0.433022797108
888,14.9166666667,0.88640666008,0.433022797108
889,14.9583333333,0.886406540871,0.433022797108
890,15.0,0.886406362057,0.433022797108
891,15.0416666667,0.886406242847,0.433022797108
892,15.0833333333,0.886406242847,0.433022797108
893,15.125,0.886406064034,0.433022797108
894,15.1666666667,0.886406064034,0.433022797108
895,15.2083333333,0.886406004429,0.433022797108
896,15.25,0.88640588522,0.433022797108
897,15.2916666667,0.886405825615,0.433022797108
898,15.3333333333,0.88640576601,0.433022797108
899,15.375,0.886405646801,0.433022797108
900,15.4166666667,0.886405467987,0.433022797108
901,15.4583333333,0.903777837753,0.485857874155
902,15.5,0.903777599335,0.485857874155
903,15.5416666667,0.903777480125,0.485857874155
904,15.5833333333,0.903777241707,0.485857874155
905,15.625,0.903777003288,0.485857874155
906,15.6666666667,0.903776824474,0.485857874155
907,15.7083333333,0.903776526451,0.485857874155
908,15.75,0.903776466846,0.485857874155
909,15.7916666667,0.903776168823,0.485857874155
910,15.8333333333,0.903775990009,0.485857874155
911,15.875,0.903775632381,0.485857874155
912,15.9166666667,0.903775572777,0.485857874155
913,15.9583333333,0.887262761593,0.44983881712
914,16.0,0.887262642384,0.44983881712
915,16.0416666667,0.88726246357,0.44983881712
916,16.0833333333,0.88726246357,0.44983881712
917,16.125,0.891915142536,0.390797048807
918,16.1666666667,0.891915202141,0.390797048807
919,16.2083333333,0.89191532135,0.390797048807
920,16.25,0.89191532135,0.390797048807
921,16.2916666667,0.89191532135,0.390797048807
922,16.3333333333,0.891915261745,0.390797048807
923,16.375,0.89191532135,0.390797048807
924,16.4166666667,0.891915440559,0.390797048807
925,16.4583333333,0.879995942116,0.427485644817
926,16.5,0.879996180534,0.427485644817
927,16.5416666667,0.879996180534,0.427485644817
928,16.5833333333,0.879996359348,0.427485644817
929,16.625,0.879996359348,0.427485644817
930,16.6666666667,0.879996538162,0.427485644817
931,16.7083333333,0.879996597767,0.427485644817
932,16.75,0.879996776581,0.427485644817
933,16.7916666667,0.879996776581,0.427485644817
934,16.8333333333,0.87999689579,0.427485644817
935,16.875,0.870666444302,0.463777840137
936,16.9166666667,0.870666444302,0.463777840137
937,16.9583333333,0.870666503906,0.463777840137
938,17.0,0.870666384697,0.463777840137
939,17.0416666667,0.870666563511,0.463777840137
940,17.0833333333,0.870666563511,0.463777840137
941,17.125,0.870666563511,0.463777840137
942,17.1666666667,0.870666503906,0.463777840137
943,17.2083333333,0.870666563511,0.463777840137
944,17.25,0.87066668272,0.463777840137
945,17.2916666667,0.870666742325,0.463777840137
946,17.3333333333,0.87066668272,0.463777840137
947,17.375,0.870666742325,0.463777840137
948,17.4166666667,0.87066668272,0.463777840137
949,17.4583333333,0.885169684887,0.503003120422
950,17.5,0.885169625282,0.503003120422
951,17.5416666667,0.885169565678,0.503003120422
952,17.5833333333,0.885169386864,0.503003120422
953,17.625,0.885169267654,0.503003120422
954,17.6666666667,0.88516908884,0.503003120422
955,17.7083333333,0.885169148445,0.503003120422
956,17.75,0.885168790817,0.503003120422
957,17.7916666667,0.885168850422,0.503003120422
958,17.8333333333,0.885168850422,0.503003120422
959,17.875,0.900752723217,0.457562983036
960,17.9166666667,0.900752842426,0.457562983036
961,17.9583333333,0.900752782822,0.457562983036
962,18.0,0.900752961636,0.457562983036
963,18.0416666667,0.900752723217,0.457562983036
964,18.0833333333,0.900752902031,0.457562983036
965,18.125,0.900752782822,0.457562983036
966,18.1666666667,0.900752961636,0.457562983036
967,18.2083333333,0.905318439007,0.41870623827
968,18.25,0.905318558216,0.41870623827
969,18.2916666667,0.905318498611,0.41870623827
970,18.3333333333,0.905318439007,0.41870623827
971,18.375,0.905318558216,0.41870623827
972,18.4166666667,0.905318498611,0.41870623827
973,18.4583333333,0.905318498611,0.41870623827
974,18.5,0.905318200588,0.41870623827
975,18.5416666667,0.905318439007,0.41870623827
976,18.5833333333,0.905318379402,0.41870623827
977,18.625,0.905318319798,0.41870623827
978,18.6666666667,0.905318140984,0.41870623827
979,18.7083333333,0.905318319798,0.41870623827
980,18.75,0.905318200588,0.41870623827
981,18.7916666667,0.905318200588,0.41870623827
982,18.8333333333,0.905318200588,0.41870623827
983,18.875,0.898317337036,0.457563012838
984,18.9166666667,0.898317277431,0.457563012838
985,18.9583333333,0.909321546555,0.433577954769
986,19.0,0.909321367741,0.433577954769
987,19.0416666667,0.909321188927,0.433577954769
988,19.0833333333,0.909321069717,0.433577954769
989,19.125,0.909320831299,0.433577954769
990,19.1666666667,0.909320652485,0.433577954769
991,19.2083333333,0.909320414066,0.433577954769
992,19.25,0.909320235252,0.433577954769
993,19.2916666667,0.909320175648,0.433577954769
994,19.3333333333,0.909319937229,0.433577954769
995,19.375,0.909319758415,0.433577954769
996,19.4166666667,0.909319519997,0.433577954769
997,19.4583333333,0.909319341183,0.433577954769
998,19.5,0.909319102764,0.433577954769
999,19.5416666667,0.909318983555,0.433577954769
1000,19.5833333333,0.909318685532,0.433577954769
1001,19.625,0.893672704697,0.42593190074
1002,19.6666666667,0.893672287464,0.42593190074
1003,19.7083333333,0.893672227859,0.42593190074
1004,19.75,0.893671751022,0.42593190074
1005,19.7916666667,0.893671512604,0.42593190074
1006,19.8333333333,0.893671274185,0.42593190074
1007,19.875,0.893670856953,0.42593190074
1008,19.9166666667,0.893670618534,0.42593190074
1009,19.9583333333,0.893670320511,0.42593190074
1010,20.0,0.893670082092,0.42593190074
1011,20.0416666667,0.893669724464,0.42593190074
1012,20.0833333333,0.893669486046,0.42593190074
1013,20.125,0.93783146143,0.472630411386
1014,20.1666666667,0.937831103802,0.472630411386
1015,20.2083333333,0.937830805779,0.472630411386
1016,20.25,0.93783056736,0.472630411386
1017,20.2916666667,0.937830209732,0.472630411386
1018,20.3333333333,0.937829911709,0.472630411386
1019,20.375,0.937829732895,0.472630411386
1020,20.4166666667,0.937829315662,0.472630411386
1021,20.4583333333,0.937829136848,0.472630411386
1022,20.5,0.937828779221,0.472630411386
1023,20.5416666667,0.937828540802,0.472630411386
1024,20.5833333333,0.937828302383,0.472630411386
1025,20.625,0.984386444092,0.234425768256
1026,20.6666666667,0.984386503696,0.234425768256
1027,20.7083333333,0.984386503696,0.234425768256
1028,20.75,0.984386503696,0.234425768256
1029,20.7916666667,0.984386563301,0.234425768256
1030,20.8333333333,0.984386622906,0.234425768256
1031,20.875,0.984386622906,0.234425768256
1032,20.9166666667,0.984386742115,0.234425768256
1033,20.9583333333,0.984386742115,0.234425768256
1034,21.0,0.984386742115,0.234425768256
1035,21.0416666667,0.984386742115,0.234425768256
1036,21.0833333333,0.98438680172,0.234425768256
1037,21.125,0.984386861324,0.234425768256
1038,21.1666666667,0.984386920929,0.234425768256
1039,21.2083333333,0.984386861324,0.234425768256
1040,21.25,0.984386920929,0.234425768256
1041,21.2916666667,0.984386980534,0.234425768256
1042,21.3333333333,0.984387040138,0.234425768256
1043,21.375,0.984387159348,0.234425768256
1044,21.4166666667,0.984387099743,0.234425768256
1045,21.4583333333,1.01140463352,0.216448441148
1046,21.5,1.0114043951,0.216448441148
1047,21.5416666667,1.01140415668,0.216448441148
1048,21.5833333333,1.01140367985,0.216448441148
1049,21.625,0.979641139507,0.211397305131
1050,21.6666666667,0.979640603065,0.211397305131
1051,21.7083333333,0.979640185833,0.211397305131
1052,21.75,0.9796397686,0.211397305131
1053,21.7916666667,0.979639232159,0.211397305131
1054,21.8333333333,0.979638755322,0.211397305131
1055,21.875,0.979638278484,0.211397305131
1056,21.9166666667,0.979637861252,0.211397305131
1057,21.9583333333,0.97963732481,0.211397305131
1058,22.0,0.979636967182,0.211397305131
1059,22.0416666667,0.97963643074,0.211397305131
1060,22.0833333333,0.979636013508,0.211397305131
1061,22.125,0.979635536671,0.211397305131
1062,22.1666666667,0.979635179043,0.211397305131
1063,22.2083333333,0.920817792416,0.534753918648
1064,22.25,0.920818328857,0.534753918648
1065,22.2916666667,0.920818805695,0.534753918648
1066,22.3333333333,0.920819163322,0.534753918648
1067,22.375,0.924304246902,0.617476820946
1068,22.4166666667,0.924306452274,0.617476820946
1069,22.4583333333,0.924308776855,0.617476820946
1070,22.5,0.924311041832,0.617476820946
1071,22.5416666667,0.924313187599,0.617476820946
1072,22.5833333333,0.924315571785,0.617476820946
1073,22.625,0.924317777157,0.617476820946
1074,22.6666666667,0.924319982529,0.617476820946
1075,22.7083333333,0.924322187901,0.617476820946
1076,22.75,0.924324512482,0.617476820946
1077,22.7916666667,0.924326777458,0.617476820946
1078,22.8333333333,0.924328923225,0.617476820946
1079,22.875,0.924331247807,0.617476820946
1080,22.9166666667,0.924333512783,0.617476820946
1081,22.9583333333,0.924335718155,0.617476820946
1082,23.0,0.924337863922,0.617476820946
1083,23.0416666667,0.924340307713,0.617476820946
1084,23.0833333333,0.924342513084,0.617476820946
1085,23.125,0.0,0.0
1086,23.1666666667,0.0,0.0
1087,23.2083333333,0.982352256775,0.657832443714
1088,23.25,0.982351899147,0.657832443714
1089,23.2916666667,0.982351601124,0.657832443714
1090,23.3333333333,0.982351541519,0.657832443714
1091,23.375,0.982351124287,0.657832443714
1092,23.4166666667,0.982350885868,0.657832443714
1093,23.4583333333,0.982350587845,0.657832443714
1094,23.5,0.982350468636,0.657832443714
1095,23.5416666667,0.982350111008,0.657832443714
1096,23.5833333333,0.982350051403,0.657832443714
1097,23.625,0.982349634171,0.657832443714
1098,23.6666666667,0.982349395752,0.657832443714
1099,23.7083333333,0.982349216938,0.657832443714
1100,23.75,0.98234885931,0.657832443714
1101,23.7916666667,0.982348680496,0.657832443714
1102,23.8333333333,0.982348382473,0.657832443714
1103,23.875,0.982348144054,0.657832443714
1104,23.9166666667,0.982347846031,0.657832443714
1105,23.9583333333,0.982347607613,0.657832443714
1106,24.0,0.982347249985,0.657832443714
1107,24.0416666667,0.982347130775,0.657832443714
1108,24.0833333333,0.982346832752,0.657832443714
1109,24.125,0.982346534729,0.657832443714
1110,24.1666666667,0.982346355915,0.657832443714
1111,24.2083333333,0.982346057892,0.657832443714
1112,24.25,0.982345879078,0.657832443714
1113,24.2916666667,0.982345640659,0.657832443714
1114,24.3333333333,0.982345342636,0.657832443714
1115,24.375,0.982345104218,0.657832443714
1116,24.4166666667,0.98234474659,0.657832443714
1117,24.4583333333,0.982344567776,0.657832443714
1118,24.5,0.982344388962,0.657832443714
1119,24.5416666667,0.982344090939,0.657832443714
1120,24.5833333333,0.982343792915,0.657832443714
1121,24.625,0.982343673706,0.657832443714
1122,24.6666666667,0.982343256474,0.657832443714
1123,24.7083333333,0.982343137264,0.657832443714
1124,24.75,0.98234295845,0.657832443714
1125,24.7916666667,0.982342541218,0.657832443714
1126,24.8333333333,0.982342422009,0.657832443714
1127,24.875,0.98234218359,0.657832443714
1128,24.9166666667,0.982341885567,0.657832443714
1129,24.9583333333,0.982341587543,0.657832443714
1130,25.0,0.98234140873,0.657832443714
1131,25.0416666667,0.982341170311,0.657832443714
1132,25.0833333333,0.982340812683,0.657832443714
1133,25.125,0.982340574265,0.657832443714
1134,25.1666666667,0.982340395451,0.657832443714
1135,25.2083333333,1.27186357975,0.586070656776
1136,25.25,1.27186322212,0.586070656776
1137,25.2916666667,1.2718629837,0.586070656776
1138,25.3333333333,1.27186262608,0.586070656776
1139,25.375,1.27186226845,0.586070656776
1140,25.4166666667,1.27186191082,0.586070656776
1141,25.4583333333,1.27186143398,0.586070656776
1142,25.5,1.27186131477,0.586070656776
1143,25.5416666667,1.27186083794,0.586070656776
1144,25.5833333333,1.27186048031,0.586070656776
1145,25.625,1.26765656471,0.635665476322
1146,25.6666666667,1.26765596867,0.635665476322
1147,25.7083333333,1.26765561104,0.635665476322
1148,25.75,1.26765525341,0.635665476322
1149,25.7916666667,1.26765477657,0.635665476322
1150,25.8333333333,1.26765441895,0.635665476322
1151,25.875,1.26765394211,0.635665476322
1152,25.9166666667,1.26765358448,0.635665476322
1153,25.9583333333,1.26765310764,0.635665476322
1154,26.0,1.26765275002,0.635665476322
1155,26.0416666667,1.26765227318,0.635665476322
1156,26.0833333333,1.26765179634,0.635665476322
1157,26.125,1.26765155792,0.635665476322
1158,26.1666666667,1.26765096188,0.635665476322
1159,26.2083333333,1.26765072346,0.635665476322
1160,26.25,1.26765036583,0.635665476322
1161,26.2916666667,1.26764988899,0.635665476322
1162,26.3333333333,1.26764941216,0.635665476322
1163,26.375,0.0,0.0
1164,26.4166666667,0.0,0.0
1165,26.4583333333,0.0,0.0
1166,26.5,0.0,0.0
1167,26.5416666667,0.0,0.0
1168,26.5833333333,0.0,0.0
1169,26.625,0.0,0.0
1170,26.6666666667,0.0,0.0
1171,26.7083333333,0.0,0.0
1172,26.75,0.0,0.0
1173,26.7916666667,0.0,0.0
1174,26.8333333333,0.0,0.0
1175,26.875,0.0,0.0
1176,26.9166666667,0.0,0.0
1177,26.9583333333,0.0,0.0
1178,27.0,0.0,0.0
1179,27.0416666667,0.0,0.0
1180,27.0833333333,0.0,0.0
1181,27.125,0.0,0.0
1182,27.1666666667,0.0,0.0
1183,27.2083333333,0.0,0.0
1184,27.25,0.0,0.0
1185,27.2916666667,0.0,0.0
1186,27.3333333333,0.0,0.0
1187,27.375,0.0,0.0
1188,27.4166666667,0.0,0.0
1189,27.4583333333,0.0,0.0
1190,27.5,0.0,0.0
1191,27.5416666667,0.0,0.0
1192,27.5833333333,0.0,0.0
1193,27.625,0.0,0.0
1194,27.6666666667,0.0,0.0
1195,27.7083333333,0.0,0.0
1196,27.75,0.0,0.0
1197,27.7916666667,0.0,0.0
1198,27.8333333333,0.0,0.0
1199,27.875,0.0,0.0
1200,27.9166666667,0.0,0.0
1201,27.9583333333,0.0,0.0
1202,28.0,0.0,0.0
1203,28.0416666667,0.0,0.0
1204,28.0833333333,0.0,0.0
1205,28.125,0.0,0.0
1206,28.1666666667,0.0,0.0
1207,28.2083333333,0.0,0.0
1208,28.25,0.0,0.0
1209,28.2916666667,0.0,0.0
1210,28.3333333333,0.0,0.0
1211,28.375,0.0,0.0
1212,28.4166666667,0.0,0.0
1213,28.4583333333,0.0,0.0
1214,28.5,0.0,0.0
1215,28.5416666667,0.0,0.0
1216,28.5833333333,0.0,0.0
1217,28.625,0.0,0.0
1218,28.6666666667,0.0,0.0
1219,28.7083333333,0.0,0.0
1220,28.75,0.0,0.0
1221,28.7916666667,0.0,0.0
1222,28.8333333333,0.0,0.0
1223,28.875,0.0,0.0
1224,28.9166666667,0.0,0.0
1225,28.9583333333,0.0,0.0
1226,29.0,0.0,0.0
1227,29.0416666667,0.0,0.0
1228,29.0833333333,0.0,0.0
1229,29.125,0.0,0.0
1230,29.1666666667,0.0,0.0
1231,29.2083333333,0.0,0.0
1232,29.25,0.0,0.0
1233,29.2916666667,0.0,0.0
1234,29.3333333333,0.0,0.0
1235,29.375,0.0,0.0
1236,29.4166666667,0.0,0.0
1237,29.4583333333,0.0,0.0
1238,29.5,0.0,0.0
1239,29.5416666667,0.0,0.0
1240,29.5833333333,0.0,0.0
1241,29.625,0.0,0.0
1242,29.6666666667,0.0,0.0
1243,29.7083333333,0.0,0.0
1244,29.75,0.0,0.0
1245,29.7916666667,0.0,0.0
1246,29.8333333333,0.0,0.0
1247,29.875,0.0,0.0
1248,29.9166666667,0.0,0.0
1249,29.9583333333,0.0,0.0
1250,30.0,0.0,0.0
1251,30.0416666667,0.0,0.0
1252,30.0833333333,0.0,0.0
1253,30.125,0.0,0.0
1254,30.1666666667,0.0,0.0
1255,30.2083333333,0.0,0.0
1256,30.25,0.0,0.0
1257,30.2916666667,0.0,0.0
1258,30.3333333333,0.0,0.0
1259,30.375,0.0,0.0
1260,30.4166666667,0.0,0.0
1261,30.4583333333,0.0,0.0
1262,30.5,0.0,0.0
1263,30.5416666667,0.0,0.0
1264,30.5833333333,0.0,0.0
1265,30.625,0.0,0.0
1266,30.6666666667,0.0,0.0
1267,30.7083333333,0.0,0.0
1268,30.75,0.0,0.0
1269,30.7916666667,0.0,0.0
1270,30.8333333333,0.0,0.0
1271,30.875,0.0,0.0
1272,30.9166666667,0.0,0.0
1273,30.9583333333,0.0,0.0
1274,31.0,0.0,0.0
1275,31.0416666667,0.0,0.0
1276,31.0833333333,0.0,0.0
1277,31.125,0.0,0.0
1278,31.1666666667,0.0,0.0
1279,31.2083333333,0.0,0.0
1280,31.25,0.0,0.0
1281,31.2916666667,0.0,0.0
1282,31.3333333333,0.0,0.0
1283,31.375,0.0,0.0
1284,31.4166666667,0.0,0.0
1285,31.4583333333,0.0,0.0
1286,31.5,0.0,0.0
1287,31.5416666667,0.0,0.0
1288,31.5833333333,0.0,0.0
1289,31.625,0.0,0.0
1290,31.6666666667,0.0,0.0
1291,31.7083333333,0.0,0.0
1292,31.75,0.0,0.0
1293,31.7916666667,0.0,0.0
1294,31.8333333333,0.0,0.0
1295,31.875,0.0,0.0
1296,31.9166666667,0.0,0.0
1297,31.9583333333,1.0514768362,0.458916962147
1298,32.0,1.05147707462,0.458916962147
1299,32.0416666667,1.05147731304,0.458916962147
1300,32.0833333333,1.05147755146,0.458916962147
1301,32.125,0.0,0.0
1302,32.1666666667,0.0,0.0
1303,32.2083333333,0.0,0.0
1304,32.25,0.0,0.0
1305,32.2916666667,0.0,0.0
1306,32.3333333333,0.0,0.0
1307,32.375,0.0,0.0
1308,32.4166666667,0.0,0.0
1309,32.4583333333,0.0,0.0
1310,32.5,0.0,0.0
1311,32.5416666667,0.0,0.0
1312,32.5833333333,0.0,0.0
1313,32.625,0.0,0.0
1314,32.6666666667,0.0,0.0
1315,32.7083333333,0.0,0.0
1316,32.75,0.0,0.0
1317,32.7916666667,0.0,0.0
1318,32.8333333333,0.0,0.0
1319,32.875,0.0,0.0
1320,32.9166666667,0.0,0.0
1321,32.9583333333,0.0,0.0
1322,33.0,0.0,0.0
1323,33.0416666667,0.0,0.0
1324,33.0833333333,0.0,0.0
1325,33.125,0.0,0.0
1326,33.1666666667,0.0,0.0
1327,33.2083333333,1.35559630394,0.535204291344
1328,33.25,1.35559523106,0.535204291344
1329,33.2916666667,1.35559439659,0.535204291344
1330,33.3333333333,1.35559356213,0.535204291344
1331,33.375,1.35559272766,0.535204291344
1332,33.4166666667,1.35559165478,0.535204291344
1333,33.4583333333,1.35559082031,0.535204291344
1334,33.5,1.35559010506,0.535204291344
1335,33.5416666667,1.35558915138,0.535204291344
1336,33.5833333333,1.35558819771,0.535204291344
1337,33.625,0.0,0.0
1338,33.6666666667,0.0,0.0
1339,33.7083333333,1.42030239105,0.566100895405
1340,33.75,1.42030215263,0.566100895405
1341,33.7916666667,1.42030203342,0.566100895405
1342,33.8333333333,1.42030179501,0.566100895405
1343,33.875,1.42030155659,0.566100895405
1344,33.9166666667,1.42030143738,0.566100895405
1345,33.9583333333,1.42030107975,0.566100895405
1346,34.0,1.42030084133,0.566100895405
1347,34.0416666667,1.42030072212,0.566100895405
1348,34.0833333333,1.4203004837,0.566100895405
1349,34.125,1.42030024529,0.566100895405
1350,34.1666666667,1.42029976845,0.566100895405
1351,34.2083333333,1.42029976845,0.566100895405
1352,34.25,1.42029953003,0.566100895405
1353,34.2916666667,1.42029929161,0.566100895405
1354,34.3333333333,1.42029905319,0.566100895405
1355,34.375,1.42029869556,0.566100895405
1356,34.4166666667,1.42029845715,0.566100895405
1357,34.4583333333,1.42029821873,0.566100895405
1358,34.5,1.4202978611,0.566100895405
1359,34.5416666667,1.42029774189,0.566100895405
1360,34.5833333333,1.42029762268,0.566100895405
1361,34.625,1.42029750347,0.566100895405
1362,34.6666666667,1.42029714584,0.566100895405
1363,34.7083333333,1.42029702663,0.566100895405
1364,34.75,1.42029666901,0.566100895405
1365,34.7916666667,1.4202965498,0.566100895405
1366,34.8333333333,1.42029631138,0.566100895405
1367,34.875,1.42029619217,0.566100895405
1368,34.9166666667,1.42029583454,0.566100895405
1369,34.9583333333,1.42029547691,0.566100895405
1370,35.0,1.42029523849,0.566100895405
1371,35.0416666667,1.42029523849,0.566100895405
1372,35.0833333333,1.42029488087,0.566100895405
1373,35.125,1.42029464245,0.566100895405
1374,35.1666666667,1.42029428482,0.566100895405
1375,35.2083333333,1.42029428482,0.566100895405
1376,35.25,1.42029380798,0.566100895405
1377,35.2916666667,1.42029380798,0.566100895405
1378,35.3333333333,1.42029345036,0.566100895405
1379,35.375,1.42029321194,0.566100895405
1380,35.4166666667,1.42029297352,0.566100895405
1381,35.4583333333,1.42029297352,0.566100895405
1382,35.5,1.42029249668,0.566100895405
1383,35.5416666667,1.42029237747,0.566100895405
1384,35.5833333333,1.42029225826,0.566100895405
1385,35.625,1.42029190063,0.566100895405
1386,35.6666666667,1.42029178143,0.566100895405
1387,35.7083333333,1.42029154301,0.566100895405
1388,35.75,1.42029130459,0.566100895405
1389,35.7916666667,1.42029106617,0.566100895405
1390,35.8333333333,1.42029070854,0.566100895405
1391,35.875,1.42029058933,0.566100895405
1392,35.9166666667,1.4202902317,0.566100895405
1393,35.9583333333,1.4202901125,0.566100895405
1394,36.0,1.42028975487,0.566100895405
1395,36.0416666667,1.42028975487,0.566100895405
1396,36.0833333333,1.42028939724,0.566100895405
1397,36.125,0.0,0.0
1398,36.1666666667,0.0,0.0
1399,36.2083333333,0.0,0.0
1400,36.25,0.0,0.0
1401,36.2916666667,0.0,0.0
1402,36.3333333333,0.0,0.0
1403,36.375,0.0,0.0
1404,36.4166666667,0.0,0.0
1405,36.4583333333,0.0,0.0
1406,36.5,0.0,0.0
1407,36.5416666667,0.0,0.0
1408,36.5833333333,0.0,0.0
1409,36.625,0.0,0.0
1410,36.6666666667,0.0,0.0
1411,36.7083333333,0.0,0.0
1412,36.75,0.0,0.0
1413,36.7916666667,0.0,0.0
1414,36.8333333333,0.0,0.0
1415,36.875,0.0,0.0
1416,36.9166666667,0.0,0.0
1417,36.9583333333,0.0,0.0
1418,37.0,0.0,0.0
1419,37.0416666667,0.0,0.0
1420,37.0833333333,0.0,0.0
1421,37.125,0.0,0.0
1422,37.1666666667,0.0,0.0
1423,37.2083333333,0.0,0.0
1424,37.25,0.0,0.0
1425,37.2916666667,0.0,0.0
1426,37.3333333333,0.0,0.0
1427,37.375,0.0,0.0
1428,37.4166666667,0.0,0.0
1429,37.4583333333,0.0,0.0
1430,37.5,0.0,0.0
1431,37.5416666667,0.0,0.0
1432,37.5833333333,0.0,0.0
1433,37.625,0.0,0.0
1434,37.6666666667,0.0,0.0
1435,37.7083333333,0.0,0.0
1436,37.75,0.0,0.0
1437,37.7916666667,0.0,0.0
1438,37.8333333333,0.0,0.0
1439,37.875,0.0,0.0
1440,37.9166666667,0.0,0.0
1441,37.9583333333,0.0,0.0
1442,38.0,0.0,0.0
1443,38.0416666667,0.0,0.0
1444,38.0833333333,0.0,0.0
1445,38.125,0.0,0.0
1446,38.1666666667,0.0,0.0
1447,38.2083333333,0.0,0.0
1448,38.25,0.0,0.0
1449,38.2916666667,0.0,0.0
1450,38.3333333333,0.0,0.0
1451,38.375,0.0,0.0
1452,38.4166666667,0.0,0.0
1453,38.4583333333,0.0,0.0
1454,38.5,0.0,0.0
1455,38.5416666667,0.0,0.0
1456,38.5833333333,0.0,0.0
1457,38.625,0.0,0.0
1458,38.6666666667,0.0,0.0
1459,38.7083333333,0.0,0.0
1460,38.75,0.0,0.0
1461,38.7916666667,0.0,0.0
1462,38.8333333333,0.0,0.0
1463,38.875,0.0,0.0
1464,38.9166666667,0.0,0.0
1465,38.9583333333,0.0,0.0
1466,39.0,0.0,0.0
1467,39.0416666667,0.0,0.0
1468,39.0833333333,0.0,0.0
1469,39.125,0.0,0.0
1470,39.1666666667,0.0,0.0
1471,39.2083333333,0.0,0.0
1472,39.25,0.0,0.0
1473,39.2916666667,0.0,0.0
1474,39.3333333333,0.0,0.0
1475,39.375,0.0,0.0
1476,39.4166666667,0.0,0.0
1477,39.4583333333,0.0,0.0
1478,39.5,0.0,0.0
1479,39.5416666667,0.0,0.0
1480,39.5833333333,0.0,0.0
1481,39.625,0.0,0.0
1482,39.6666666667,0.0,0.0
1483,39.7083333333,0.0,0.0
1484,39.75,0.0,0.0
1485,39.7916666667,0.0,0.0
1486,39.8333333333,0.0,0.0
1487,39.875,0.0,0.0
1488,39.9166666667,0.0,0.0
1489,39.9583333333,0.0,0.0
1490,40.0,0.0,0.0
1491,40.0416666667,0.0,0.0
1492,40.0833333333,0.0,0.0
1493,40.125,0.0,0.0
1494,40.1666666667,0.0,0.0
1495,40.2083333333,0.0,0.0
1496,40.25,0.0,0.0
1497,40.2916666667,0.0,0.0
1498,40.3333333333,0.0,0.0
1499,40.375,0.0,0.0
1500,40.4166666667,0.0,0.0
1501,40.4583333333,0.0,0.0
1502,40.5,0.0,0.0
1503,40.5416666667,0.0,0.0
1504,40.5833333333,0.0,0.0
1505,40.625,0.0,0.0
1506,40.6666666667,0.0,0.0
1507,40.7083333333,0.0,0.0
1508,40.75,0.0,0.0
1509,40.7916666667,0.0,0.0
1510,40.8333333333,0.0,0.0
1511,40.875,0.0,0.0
1512,40.9166666667,0.0,0.0
1513,40.9583333333,0.0,0.0
1514,41.0,0.0,0.0
1515,41.0416666667,0.0,0.0
1516,41.0833333333,0.0,0.0
1517,41.125,0.0,0.0
1518,41.1666666667,0.0,0.0
1519,41.2083333333,0.0,0.0
1520,41.25,0.0,0.0
1521,41.2916666667,0.0,0.0
1522,41.3333333333,0.0,0.0
1523,41.375,0.0,0.0
1524,41.4166666667,0.0,0.0
1525,41.4583333333,0.0,0.0
1526,41.5,0.0,0.0
1527,41.5416666667,0.0,0.0
1528,41.5833333333,0.0,0.0
1529,41.625,0.0,0.0
1530,41.6666666667,0.0,0.0
1531,41.7083333333,0.0,0.0
1532,41.75,0.0,0.0
1533,41.7916666667,0.0,0.0
1534,41.8333333333,0.0,0.0
1535,41.875,0.0,0.0
1536,41.9166666667,0.0,0.0
1537,41.9583333333,0.0,0.0
1538,42.0,0.0,0.0
1539,42.0416666667,0.0,0.0
1540,42.0833333333,0.0,0.0
1541,42.125,0.0,0.0
1542,42.1666666667,0.0,0.0
1543,42.2083333333,0.0,0.0
1544,42.25,0.0,0.0
1545,42.2916666667,0.0,0.0
1546,42.3333333333,0.0,0.0
1547,42.375,0.0,0.0
1548,42.4166666667,0.0,0.0
1549,42.4583333333,0.0,0.0
1550,42.5,0.0,0.0
1551,42.5416666667,0.0,0.0
1552,42.5833333333,0.0,0.0
1553,42.625,0.0,0.0
1554,42.6666666667,0.0,0.0
1555,42.7083333333,0.0,0.0
1556,42.75,0.0,0.0
1557,42.7916666667,0.0,0.0
1558,42.8333333333,0.0,0.0
1559,42.875,0.0,0.0
1560,42.9166666667,0.0,0.0
1561,42.9583333333,0.0,0.0
1562,43.0,0.0,0.0
1563,43.0416666667,0.0,0.0
1564,43.0833333333,0.0,0.0
1565,43.125,0.0,0.0
1566,43.1666666667,0.0,0.0
1567,43.2083333333,0.0,0.0
1568,43.25,0.0,0.0
1569,43.2916666667,0.0,0.0
1570,43.3333333333,0.0,0.0
1571,43.375,0.0,0.0
1572,43.4166666667,0.0,0.0
1573,43.4583333333,0.0,0.0
1574,43.5,0.0,0.0
1575,43.5416666667,0.0,0.0
1576,43.5833333333,0.0,0.0
1577,43.625,0.0,0.0
1578,43.6666666667,0.0,0.0
1579,43.7083333333,0.0,0.0
1580,43.75,0.0,0.0
1581,43.7916666667,0.0,0.0
1582,43.8333333333,0.0,0.0
1583,43.875,0.0,0.0
1584,43.9166666667,0.0,0.0
1585,43.9583333333,0.0,0.0
1586,44.0,0.0,0.0
1587,44.0416666667,0.0,0.0
1588,44.0833333333,0.0,0.0
1589,44.125,0.0,0.0
1590,44.1666666667,0.0,0.0
1591,44.2083333333,0.0,0.0
1592,44.25,0.0,0.0
1593,44.2916666667,0.0,0.0
1594,44.3333333333,0.0,0.0
1595,44.375,0.0,0.0
1596,44.4166666667,0.0,0.0
1597,44.4583333333,0.0,0.0
1598,44.5,0.0,0.0
1599,44.5416666667,0.0,0.0
1600,44.5833333333,0.0,0.0
1601,44.625,0.0,0.0
1602,44.6666666667,0.0,0.0
1603,44.7083333333,0.0,0.0
1604,44.75,0.0,0.0
1605,44.7916666667,0.0,0.0
1606,44.8333333333,0.0,0.0
1607,44.875,0.0,0.0
1608,44.9166666667,0.0,0.0
1609,44.9583333333,0.0,0.0
1610,45.0,0.0,0.0
1611,45.0416666667,0.0,0.0
1612,45.0833333333,0.0,0.0
1613,45.125,0.0,0.0
1614,45.1666666667,0.0,0.0
1615,45.2083333333,0.0,0.0
1616,45.25,0.0,0.0
1617,45.2916666667,0.0,0.0
1618,45.3333333333,0.0,0.0
1619,45.375,0.0,0.0
1620,45.4166666667,0.0,0.0
1621,45.4583333333,0.0,0.0
1622,45.5,0.0,0.0
1623,45.5416666667,0.0,0.0
1624,45.5833333333,0.0,0.0
1625,45.625,0.0,0.0
1626,45.6666666667,0.0,0.0
1627,45.7083333333,0.0,0.0
1628,45.75,0.0,0.0
1629,45.7916666667,0.0,0.0
1630,45.8333333333,0.0,0.0
1631,45.875,0.0,0.0
1632,45.9166666667,0.0,0.0
1633,45.9583333333,0.0,0.0
1634,46.0,0.0,0.0
1635,46.0416666667,0.0,0.0
1636,46.0833333333,0.0,0.0
1637,46.125,0.0,0.0
1638,46.1666666667,0.0,0.0
1639,46.2083333333,0.0,0.0
1640,46.25,0.0,0.0
1641,46.2916666667,0.0,0.0
1642,46.3333333333,0.0,0.0
1643,46.375,0.0,0.0
1644,46.4166666667,0.0,0.0
1645,46.4583333333,0.0,0.0
1646,46.5,0.0,0.0
1647,46.5416666667,0.0,0.0
1648,46.5833333333,0.0,0.0
1649,46.625,0.0,0.0
1650,46.6666666667,0.0,0.0
1651,46.7083333333,0.0,0.0
1652,46.75,0.0,0.0
1653,46.7916666667,0.0,0.0
1654,46.8333333333,0.0,0.0
1655,46.875,0.0,0.0
1656,46.9166666667,0.0,0.0
1657,46.9583333333,0.0,0.0
1658,47.0,0.0,0.0
1659,47.0416666667,0.0,0.0
1660,47.0833333333,0.0,0.0
1661,47.125,0.0,0.0
1662,47.1666666667,0.0,0.0
1663,47.2083333333,0.0,0.0
1664,47.25,0.0,0.0
1665,47.2916666667,0.0,0.0
1666,47.3333333333,0.0,0.0
1667,47.375,0.0,0.0
1668,47.4166666667,0.0,0.0
1669,47.4583333333,0.0,0.0
1670,47.5,0.0,0.0
1671,47.5416666667,0.0,0.0
1672,47.5833333333,0.0,0.0
1673,47.625,0.0,0.0
1674,47.6666666667,0.0,0.0
1675,47.7083333333,0.0,0.0
1676,47.75,0.0,0.0
1677,47.7916666667,0.0,0.0
1678,47.8333333333,0.0,0.0
1679,47.875,0.0,0.0
1680,47.9166666667,0.0,0.0
1681,47.9583333333,0.0,0.0
1682,48.0,0.0,0.0
1683,48.0416666667,0.0,0.0
1684,48.0833333333,0.0,0.0
1685,48.125,0.0,0.0
1686,48.1666666667,0.0,0.0
1687,48.2083333333,0.0,0.0
1688,48.25,0.0,0.0
1689,48.2916666667,0.0,0.0
1690,48.3333333333,0.0,0.0
1691,48.375,0.0,0.0
1692,48.4166666667,0.0,0.0
1693,48.4583333333,0.0,0.0
1694,48.5,0.0,0.0
1695,48.5416666667,0.0,0.0
1696,48.5833333333,0.0,0.0
1697,48.625,0.0,0.0
1698,48.6666666667,0.0,0.0
1699,48.7083333333,0.0,0.0
1700,48.75,0.0,0.0
1701,48.7916666667,0.0,0.0
1702,48.8333333333,0.0,0.0
1703,48.875,0.0,0.0
1704,48.9166666667,0.0,0.0
1705,48.9583333333,0.0,0.0
1706,49.0,0.0,0.0
1707,49.0416666667,0.0,0.0
1708,49.0833333333,0.0,0.0
1709,49.125,0.0,0.0
1710,49.1666666667,0.0,0.0
1711,49.2083333333,0.0,0.0
1712,49.25,0.0,0.0
1713,49.2916666667,0.0,0.0
1714,49.3333333333,0.0,0.0
1715,49.375,0.0,0.0
1716,49.4166666667,0.0,0.0
1717,49.4583333333,0.0,0.0
1718,49.5,0.0,0.0
1719,49.5416666667,0.0,0.0
1720,49.5833333333,0.0,0.0
1721,49.625,0.0,0.0
1722,49.6666666667,0.0,0.0
1723,49.7083333333,0.0,0.0
1724,49.75,0.0,0.0
1725,49.7916666667,0.0,0.0
1726,49.8333333333,0.0,0.0
1727,49.875,0.0,0.0
1728,49.9166666667,0.0,0.0
1729,49.9583333333,0.0,0.0
1730,50.0,0.0,0.0
1731,50.0416666667,0.0,0.0
1732,50.0833333333,0.0,0.0
1733,50.125,0.0,0.0
1734,50.1666666667,0.0,0.0
1735,50.2083333333,0.0,0.0
1736,50.25,0.0,0.0
1737,50.2916666667,0.0,0.0
1738,50.3333333333,0.0,0.0
1739,50.375,0.0,0.0
1740,50.4166666667,0.0,0.0
1741,50.4583333333,0.0,0.0
1742,50.5,0.0,0.0
1743,50.5416666667,0.0,0.0
1744,50.5833333333,0.0,0.0
1745,50.625,0.0,0.0
1746,50.6666666667,0.0,0.0
1747,50.7083333333,0.0,0.0
1748,50.75,0.0,0.0
1749,50.7916666667,0.0,0.0
1750,50.8333333333,0.0,0.0
1751,50.875,0.0,0.0
1752,50.9166666667,0.0,0.0
1753,50.9583333333,0.0,0.0
1754,51.0,0.0,0.0
1755,51.0416666667,0.0,0.0
1756,51.0833333333,0.0,0.0
1757,51.125,0.0,0.0
1758,51.1666666667,0.0,0.0
1759,51.2083333333,0.0,0.0
1760,51.25,0.0,0.0
1761,51.2916666667,0.0,0.0
1762,51.3333333333,0.0,0.0
1763,51.375,0.0,0.0
1764,51.4166666667,0.0,0.0
1765,51.4583333333,0.0,0.0
1766,51.5,0.0,0.0
1767,51.5416666667,0.0,0.0
1768,51.5833333333,0.0,0.0
1769,51.625,0.0,0.0
1770,51.6666666667,0.0,0.0
1771,51.7083333333,0.0,0.0
1772,51.75,0.0,0.0
1773,51.7916666667,0.0,0.0
1774,51.8333333333,0.0,0.0
1775,51.875,0.0,0.0
1776,51.9166666667,0.0,0.0
1777,51.9583333333,0.0,0.0
1778,52.0,0.0,0.0
1779,52.0416666667,0.0,0.0
1780,52.0833333333,0.0,0.0
1781,52.125,0.0,0.0
1782,52.1666666667,0.0,0.0
1783,52.2083333333,0.0,0.0
1784,52.25,0.0,0.0
1785,52.2916666667,0.0,0.0
1786,52.3333333333,0.0,0.0
1787,52.375,0.0,0.0
1788,52.4166666667,0.0,0.0
1789,52.4583333333,0.0,0.0
1790,52.5,0.0,0.0
1791,52.5416666667,0.0,0.0
1792,52.5833333333,0.0,0.0
1793,52.625,0.0,0.0
1794,52.6666666667,0.0,0.0
1795,52.7083333333,0.0,0.0
1796,52.75,0.0,0.0
1797,52.7916666667,0.0,0.0
1798,52.8333333333,0.0,0.0
1799,52.875,0.0,0.0
1800,52.9166666667,0.0,0.0
1801,52.9583333333,0.0,0.0
1802,53.0,0.0,0.0
1803,53.0416666667,0.0,0.0
1804,53.0833333333,0.0,0.0
1805,53.125,0.0,0.0
1806,53.1666666667,0.0,0.0
1807,53.2083333333,0.0,0.0
1808,53.25,0.0,0.0
1809,53.2916666667,0.0,0.0
1810,53.3333333333,0.0,0.0
1811,53.375,0.0,0.0
1812,53.4166666667,0.0,0.0
1813,53.4583333333,0.0,0.0
1814,53.5,0.0,0.0
1815,53.5416666667,0.0,0.0
1816,53.5833333333,0.0,0.0
1817,53.625,0.0,0.0
1818,53.6666666667,0.0,0.0
1819,53.7083333333,0.0,0.0
1820,53.75,0.0,0.0
1821,53.7916666667,0.0,0.0
1822,53.8333333333,0.0,0.0
1823,53.875,0.0,0.0
1824,53.9166666667,0.0,0.0
1825,53.9583333333,0.0,0.0
1826,54.0,0.0,0.0
1827,54.0416666667,0.0,0.0
1828,54.0833333333,0.0,0.0
1829,54.125,0.0,0.0
1830,54.1666666667,0.0,0.0
1831,54.2083333333,0.0,0.0
1832,54.25,0.0,0.0
1833,54.2916666667,0.0,0.0
1834,54.3333333333,0.0,0.0
1835,54.375,0.0,0.0
1836,54.4166666667,0.0,0.0
1837,54.4583333333,0.0,0.0
1838,54.5,0.0,0.0
1839,54.5416666667,0.0,0.0
1840,54.5833333333,0.0,0.0
1841,54.625,0.0,0.0
1842,54.6666666667,0.0,0.0
1843,54.7083333333,0.0,0.0
1844,54.75,0.0,0.0
1845,54.7916666667,0.0,0.0
1846,54.8333333333,0.0,0.0
1847,54.875,0.0,0.0
1848,54.9166666667,0.0,0.0
1849,54.9583333333,0.0,0.0
1850,55.0,0.0,0.0
1851,55.0416666667,0.0,0.0
1852,55.0833333333,0.0,0.0
1853,55.125,0.0,0.0
1854,55.1666666667,0.0,0.0
1855,55.2083333333,0.0,0.0
1856,55.25,0.0,0.0
1857,55.2916666667,0.0,0.0
1858,55.3333333333,0.0,0.0
1859,55.375,0.0,0.0
1860,55.4166666667,0.0,0.0
1861,55.4583333333,0.0,0.0
1862,55.5,0.0,0.0
1863,55.5416666667,0.0,0.0
1864,55.5833333333,0.0,0.0
1865,55.625,0.0,0.0
1866,55.6666666667,0.0,0.0
1867,55.7083333333,0.0,0.0
1868,55.75,0.0,0.0
1869,55.7916666667,0.0,0.0
1870,55.8333333333,0.0,0.0
1871,55.875,0.0,0.0
1872,55.9166666667,0.0,0.0
1873,55.9583333333,0.0,0.0
1874,56.0,0.0,0.0
1875,56.0416666667,0.0,0.0
1876,56.0833333333,0.0,0.0
1877,56.125,0.0,0.0
1878,56.1666666667,0.0,0.0
1879,56.2083333333,0.0,0.0
1880,56.25,0.0,0.0
1881,56.2916666667,0.0,0.0
1882,56.3333333333,0.0,0.0
1883,56.375,0.0,0.0
1884,56.4166666667,0.0,0.0
1885,56.4583333333,0.0,0.0
1886,56.5,0.0,0.0
1887,56.5416666667,0.0,0.0
1888,56.5833333333,0.0,0.0
1889,56.625,0.0,0.0
1890,56.6666666667,0.0,0.0
1891,56.7083333333,0.0,0.0
1892,56.75,0.0,0.0
1893,56.7916666667,0.0,0.0
1894,56.8333333333,0.0,0.0
1895,56.875,0.0,0.0
1896,56.9166666667,0.0,0.0
1897,56.9583333333,0.0,0.0
1898,57.0,0.0,0.0
1899,57.0416666667,0.0,0.0
1900,57.0833333333,0.0,0.0
1901,57.125,0.0,0.0
1902,57.1666666667,0.0,0.0
1903,57.2083333333,0.0,0.0
1904,57.25,0.0,0.0
1905,57.2916666667,0.0,0.0
1906,57.3333333333,0.0,0.0
1907,57.375,0.0,0.0
1908,57.4166666667,0.0,0.0
1909,57.4583333333,0.0,0.0
1910,57.5,0.0,0.0
1911,57.5416666667,0.0,0.0
1912,57.5833333333,0.0,0.0
1913,57.625,0.0,0.0
1914,57.6666666667,0.0,0.0
1915,57.7083333333,0.0,0.0
1916,57.75,0.0,0.0
1917,57.7916666667,0.0,0.0
1918,57.8333333333,0.0,0.0
1919,57.875,0.0,0.0
1920,57.9166666667,0.0,0.0
1921,57.9583333333,0.0,0.0
1922,58.0,0.0,0.0
1923,58.0416666667,0.0,0.0
1924,58.0833333333,0.0,0.0
1925,58.125,0.0,0.0
1926,58.1666666667,0.0,0.0
1927,58.2083333333,0.0,0.0
1928,58.25,0.0,0.0
1929,58.2916666667,0.0,0.0
1930,58.3333333333,0.0,0.0
1931,58.375,0.0,0.0
1932,58.4166666667,0.0,0.0
1933,58.4583333333,0.0,0.0
1934,58.5,0.0,0.0
1935,58.5416666667,0.0,0.0
1936,58.5833333333,0.0,0.0
1937,58.625,0.0,0.0
1938,58.6666666667,0.0,0.0
1939,58.7083333333,0.0,0.0
1940,58.75,0.0,0.0
1941,58.7916666667,0.0,0.0
1942,58.8333333333,0.0,0.0
1943,58.875,0.0,0.0
1944,58.9166666667,0.0,0.0
1945,58.9583333333,0.0,0.0
1946,59.0,0.0,0.0
1947,59.0416666667,0.0,0.0
1948,59.0833333333,0.0,0.0
1949,59.125,0.0,0.0
1950,59.1666666667,0.0,0.0
1951,59.2083333333,0.0,0.0
1952,59.25,0.0,0.0
1953,59.2916666667,0.0,0.0
1954,59.3333333333,0.0,0.0
1955,59.375,0.0,0.0
1956,59.4166666667,0.0,0.0
1957,59.4583333333,0.0,0.0
1958,59.5,0.0,0.0
1959,59.5416666667,0.0,0.0
1960,59.5833333333,0.0,0.0
1961,59.625,0.0,0.0
1962,59.6666666667,0.0,0.0
1963,59.7083333333,0.0,0.0
1964,59.75,0.0,0.0
1965,59.7916666667,0.0,0.0
1966,59.8333333333,0.0,0.0
1967,59.875,0.0,0.0
1968,59.9166666667,0.0,0.0
1969,59.9583333333,0.0,0.0
1970,60.0,0.0,0.0
1971,60.0416666667,0.0,0.0
1972,60.0833333333,0.0,0.0
1973,60.125,0.0,0.0
1974,60.1666666667,0.0,0.0
1975,60.2083333333,0.0,0.0
1976,60.25,0.0,0.0
1977,60.2916666667,0.0,0.0
1978,60.3333333333,0.0,0.0
1979,60.375,0.0,0.0
1980,60.4166666667,0.0,0.0
1981,60.4583333333,0.0,0.0
1982,60.5,0.0,0.0
1983,60.5416666667,0.0,0.0
1984,60.5833333333,0.0,0.0
1985,60.625,0.0,0.0
1986,60.6666666667,0.0,0.0
1987,60.7083333333,0.0,0.0
1988,60.75,0.0,0.0
1989,60.7916666667,0.0,0.0
1990,60.8333333333,0.0,0.0
1991,60.875,0.0,0.0
1992,60.9166666667,0.0,0.0
1993,60.9583333333,0.0,0.0
1994,61.0,0.0,0.0
1995,61.0416666667,0.0,0.0
1996,61.0833333333,0.0,0.0
1997,61.125,0.0,0.0
1998,61.1666666667,0.0,0.0
1999,61.2083333333,0.0,0.0
2000,61.25,0.0,0.0
2001,61.2916666667,0.0,0.0
2002,61.3333333333,0.0,0.0
2003,61.375,0.0,0.0
2004,61.4166666667,0.0,0.0
2005,61.4583333333,0.0,0.0
2006,61.5,0.0,0.0
2007,61.5416666667,0.0,0.0
2008,61.5833333333,0.0,0.0
2009,61.625,0.0,0.0
2010,61.6666666667,0.0,0.0
2011,61.7083333333,0.0,0.0
2012,61.75,0.0,0.0
2013,61.7916666667,0.0,0.0
2014,61.8333333333,0.0,0.0
2015,61.875,0.0,0.0
2016,61.9166666667,0.0,0.0
2017,61.9583333333,0.0,0.0
2018,62.0,0.0,0.0
2019,62.0416666667,0.0,0.0
2020,62.0833333333,0.0,0.0
2021,62.125,0.0,0.0
2022,62.1666666667,0.0,0.0
2023,62.2083333333,0.0,0.0
2024,62.25,0.0,0.0
2025,62.2916666667,0.0,0.0
2026,62.3333333333,0.0,0.0
2027,62.375,0.0,0.0
2028,62.4166666667,0.0,0.0
2029,62.4583333333,0.0,0.0
2030,62.5,0.0,0.0
2031,62.5416666667,0.0,0.0
2032,62.5833333333,0.0,0.0
2033,62.625,0.0,0.0
2034,62.6666666667,0.0,0.0
2035,62.7083333333,0.0,0.0
2036,62.75,0.0,0.0
2037,62.7916666667,0.0,0.0
2038,62.8333333333,0.0,0.0
2039,62.875,0.0,0.0
2040,62.9166666667,0.0,0.0
2041,62.9583333333,0.0,0.0
2042,63.0,0.0,0.0
2043,63.0416666667,0.0,0.0
2044,63.0833333333,0.0,0.0
2045,63.125,0.0,0.0
2046,63.1666666667,0.0,0.0
2047,63.2083333333,0.0,0.0
2048,63.25,0.0,0.0
2049,63.2916666667,0.0,0.0
2050,63.3333333333,0.0,0.0
2051,63.375,0.0,0.0
2052,63.4166666667,0.0,0.0
2053,63.4583333333,0.0,0.0
2054,63.5,0.0,0.0
2055,63.5416666667,0.0,0.0
2056,63.5833333333,0.0,0.0
2057,63.625,0.0,0.0
2058,63.6666666667,0.0,0.0
2059,63.7083333333,0.0,0.0
2060,63.75,0.0,0.0
2061,63.7916666667,0.0,0.0
2062,63.8333333333,0.0,0.0
2063,63.875,0.0,0.0
2064,63.9166666667,0.0,0.0
2065,63.9583333333,0.0,0.0
2066,64.0,0.0,0.0
2067,64.0416666667,0.0,0.0
2068,64.0833333333,0.0,0.0
2069,64.125,0.0,0.0
2070,64.1666666667,0.0,0.0
2071,64.2083333333,0.0,0.0
2072,64.25,0.0,0.0
2073,64.2916666667,0.0,0.0
2074,64.3333333333,0.0,0.0
2075,64.375,0.0,0.0
2076,64.4166666667,0.0,0.0
2077,64.4583333333,0.0,0.0
2078,64.5,0.0,0.0
2079,64.5416666667,0.0,0.0
2080,64.5833333333,0.0,0.0
2081,64.625,0.0,0.0
2082,64.6666666667,0.0,0.0
2083,64.7083333333,0.0,0.0
2084,64.75,0.0,0.0
2085,64.7916666667,0.0,0.0
2086,64.8333333333,0.0,0.0
2087,64.875,0.0,0.0
2088,64.9166666667,0.0,0.0
2089,64.9583333333,0.0,0.0
2090,65.0,0.0,0.0
2091,65.0416666667,0.0,0.0
2092,65.0833333333,0.0,0.0
2093,65.125,0.0,0.0
2094,65.1666666667,0.0,0.0
2095,65.2083333333,0.0,0.0
2096,65.25,0.0,0.0
2097,65.2916666667,0.0,0.0
2098,65.3333333333,0.0,0.0
2099,65.375,0.0,0.0
2100,65.4166666667,0.0,0.0
2101,65.4583333333,0.0,0.0
2102,65.5,0.0,0.0
2103,65.5416666667,0.0,0.0
2104,65.5833333333,0.0,0.0
2105,65.625,0.0,0.0
2106,65.6666666667,0.0,0.0
2107,65.7083333333,0.0,0.0
2108,65.75,0.0,0.0
2109,65.7916666667,0.0,0.0
2110,65.8333333333,0.0,0.0
2111,65.875,0.0,0.0
2112,65.9166666667,0.0,0.0
2113,65.9583333333,0.0,0.0
2114,66.0,0.0,0.0
2115,66.0416666667,0.0,0.0
2116,66.0833333333,0.0,0.0
2117,66.125,0.0,0.0
2118,66.1666666667,0.0,0.0
2119,66.2083333333,0.0,0.0
2120,66.25,0.0,0.0
2121,66.2916666667,0.0,0.0
2122,66.3333333333,0.0,0.0
2123,66.375,0.0,0.0
2124,66.4166666667,0.0,0.0
2125,66.4583333333,0.0,0.0
2126,66.5,0.0,0.0
2127,66.5416666667,0.0,0.0
2128,66.5833333333,0.0,0.0
2129,66.625,0.0,0.0
2130,66.6666666667,0.0,0.0
2131,66.7083333333,0.0,0.0
2132,66.75,0.0,0.0
2133,66.7916666667,0.0,0.0
2134,66.8333333333,0.0,0.0
2135,66.875,0.0,0.0
2136,66.9166666667,0.0,0.0
2137,66.9583333333,0.0,0.0
2138,67.0,0.0,0.0
2139,67.0416666667,0.0,0.0
2140,67.0833333333,0.0,0.0
2141,67.125,0.0,0.0
2142,67.1666666667,0.0,0.0
2143,67.2083333333,0.0,0.0
2144,67.25,0.0,0.0
2145,67.2916666667,0.0,0.0
2146,67.3333333333,0.0,0.0
2147,67.375,0.0,0.0
2148,67.4166666667,0.0,0.0
2149,67.4583333333,0.0,0.0
2150,67.5,0.0,0.0
2151,67.5416666667,0.0,0.0
2152,67.5833333333,0.0,0.0
2153,67.625,0.0,0.0
2154,67.6666666667,0.0,0.0
2155,67.7083333333,0.0,0.0
2156,67.75,0.0,0.0
2157,67.7916666667,0.0,0.0
2158,67.8333333333,0.0,0.0
2159,67.875,0.0,0.0
2160,67.9166666667,0.0,0.0
2161,67.9583333333,0.0,0.0
2162,68.0,0.0,0.0
2163,68.0416666667,0.0,0.0
2164,68.0833333333,0.0,0.0
2165,68.125,0.0,0.0
2166,68.1666666667,0.0,0.0
2167,68.2083333333,0.0,0.0
2168,68.25,0.0,0.0
2169,68.2916666667,0.0,0.0
2170,68.3333333333,0.0,0.0
2171,68.375,0.0,0.0
2172,68.4166666667,0.0,0.0
2173,68.4583333333,0.0,0.0
2174,68.5,0.0,0.0
2175,68.5416666667,0.0,0.0
2176,68.5833333333,0.0,0.0
2177,68.625,0.0,0.0
2178,68.6666666667,0.0,0.0
2179,68.7083333333,0.0,0.0
2180,68.75,0.0,0.0
2181,68.7916666667,0.0,0.0
2182,68.8333333333,0.0,0.0
2183,68.875,0.0,0.0
2184,68.9166666667,0.0,0.0
2185,68.9583333333,0.0,0.0
2186,69.0,0.0,0.0
2187,69.0416666667,0.0,0.0
2188,69.0833333333,0.0,0.0
2189,69.125,0.0,0.0
2190,69.1666666667,0.0,0.0
2191,69.2083333333,0.0,0.0
2192,69.25,0.0,0.0
2193,69.2916666667,0.0,0.0
2194,69.3333333333,0.0,0.0
2195,69.375,0.0,0.0
2196,69.4166666667,0.0,0.0
2197,69.4583333333,0.0,0.0
2198,69.5,0.0,0.0
2199,69.5416666667,0.0,0.0
2200,69.5833333333,0.0,0.0
2201,69.625,0.0,0.0
2202,69.6666666667,0.0,0.0
2203,69.7083333333,0.0,0.0
2204,69.75,0.0,0.0
2205,69.7916666667,0.0,0.0
2206,69.8333333333,0.0,0.0
2207,69.875,0.0,0.0
2208,69.9166666667,0.0,0.0
2209,69.9583333333,0.0,0.0
2210,70.0,0.0,0.0
2211,70.0416666667,0.0,0.0
2212,70.0833333333,0.0,0.0
2213,70.125,0.0,0.0
2214,70.1666666667,0.0,0.0
2215,70.2083333333,0.0,0.0
2216,70.25,0.0,0.0
2217,70.2916666667,0.0,0.0
2218,70.3333333333,0.0,0.0
2219,70.375,0.0,0.0
2220,70.4166666667,0.0,0.0
2221,70.4583333333,0.0,0.0
2222,70.5,0.0,0.0
2223,70.5416666667,0.0,0.0
2224,70.5833333333,0.0,0.0
2225,70.625,0.0,0.0
2226,70.6666666667,0.0,0.0
2227,70.7083333333,0.0,0.0
2228,70.75,0.0,0.0
2229,70.7916666667,0.0,0.0
2230,70.8333333333,0.0,0.0
2231,70.875,0.0,0.0
2232,70.9166666667,0.0,0.0
2233,70.9583333333,0.0,0.0
2234,71.0,0.0,0.0
2235,71.0416666667,0.0,0.0
2236,71.0833333333,0.0,0.0
2237,71.125,0.0,0.0
2238,71.1666666667,0.0,0.0
2239,71.2083333333,0.0,0.0
2240,71.25,0.0,0.0
2241,71.2916666667,0.0,0.0
2242,71.3333333333,0.0,0.0
2243,71.375,0.0,0.0
2244,71.4166666667,0.0,0.0
2245,71.4583333333,0.0,0.0
2246,71.5,0.0,0.0
2247,71.5416666667,0.0,0.0
2248,71.5833333333,0.0,0.0
2249,71.625,0.0,0.0
2250,71.6666666667,0.0,0.0
2251,71.7083333333,0.0,0.0
2252,71.75,0.0,0.0
2253,71.7916666667,0.0,0.0
2254,71.8333333333,0.0,0.0
2255,71.875,0.0,0.0
2256,71.9166666667,0.0,0.0
2257,71.9583333333,0.0,0.0
2258,72.0,0.0,0.0
2259,72.0416666667,0.0,0.0
2260,72.0833333333,0.0,0.0
2261,72.125,0.0,0.0
2262,72.1666666667,0.0,0.0
2263,72.2083333333,0.0,0.0
2264,72.25,0.0,0.0
2265,72.2916666667,0.0,0.0
2266,72.3333333333,0.0,0.0
2267,72.375,0.0,0.0
2268,72.4166666667,0.0,0.0
2269,72.4583333333,0.0,0.0
2270,72.5,0.0,0.0
2271,72.5416666667,0.0,0.0
2272,72.5833333333,0.0,0.0
2273,72.625,0.0,0.0
2274,72.6666666667,0.0,0.0
2275,72.7083333333,0.0,0.0
2276,72.75,0.0,0.0
2277,72.7916666667,0.0,0.0
2278,72.8333333333,0.0,0.0
2279,72.875,0.0,0.0
2280,72.9166666667,0.0,0.0
2281,72.9583333333,0.0,0.0
2282,73.0,0.0,0.0
2283,73.0416666667,0.0,0.0
2284,73.0833333333,0.0,0.0
2285,73.125,0.0,0.0
2286,73.1666666667,0.0,0.0
2287,73.2083333333,0.0,0.0
2288,73.25,0.0,0.0
2289,73.2916666667,0.0,0.0
2290,73.3333333333,0.0,0.0
2291,73.375,0.0,0.0
2292,73.4166666667,0.0,0.0
2293,73.4583333333,0.0,0.0
2294,73.5,0.0,0.0
2295,73.5416666667,0.0,0.0
2296,73.5833333333,0.0,0.0
2297,73.625,0.0,0.0
2298,73.6666666667,0.0,0.0
2299,73.7083333333,0.0,0.0
2300,73.75,0.0,0.0
2301,73.7916666667,0.0,0.0
2302,73.8333333333,0.0,0.0
2303,73.875,0.0,0.0
2304,73.9166666667,0.0,0.0
2305,73.9583333333,0.0,0.0
2306,74.0,0.0,0.0
2307,74.0416666667,0.0,0.0
2308,74.0833333333,0.0,0.0
2309,74.125,0.0,0.0
2310,74.1666666667,0.0,0.0
2311,74.2083333333,0.0,0.0
2312,74.25,0.0,0.0
2313,74.2916666667,0.0,0.0
2314,74.3333333333,0.0,0.0
2315,74.375,0.0,0.0
2316,74.4166666667,0.0,0.0
2317,74.4583333333,0.0,0.0
2318,74.5,0.0,0.0
2319,74.5416666667,0.0,0.0
2320,74.5833333333,0.0,0.0
2321,74.625,0.0,0.0
2322,74.6666666667,0.0,0.0
2323,74.7083333333,0.0,0.0
2324,74.75,0.0,0.0
2325,74.7916666667,0.0,0.0
2326,74.8333333333,0.0,0.0
2327,74.875,0.0,0.0
2328,74.9166666667,0.0,0.0
2329,74.9583333333,0.0,0.0
2330,75.0,0.0,0.0
2331,75.0416666667,0.0,0.0
2332,75.0833333333,0.0,0.0
2333,75.125,0.0,0.0
2334,75.1666666667,0.0,0.0
2335,75.2083333333,0.0,0.0
2336,75.25,0.0,0.0
2337,75.2916666667,0.0,0.0
2338,75.3333333333,0.0,0.0
2339,75.375,0.0,0.0
2340,75.4166666667,0.0,0.0
2341,75.4583333333,0.0,0.0
2342,75.5,0.0,0.0
2343,75.5416666667,0.0,0.0
2344,75.5833333333,0.0,0.0
2345,75.625,0.0,0.0
2346,75.6666666667,0.0,0.0
2347,75.7083333333,0.0,0.0
2348,75.75,0.0,0.0
2349,75.7916666667,0.0,0.0
2350,75.8333333333,0.0,0.0
2351,75.875,0.0,0.0
2352,75.9166666667,0.0,0.0
2353,75.9583333333,0.0,0.0
2354,76.0,0.0,0.0
2355,76.0416666667,0.0,0.0
2356,76.0833333333,0.0,0.0
2357,76.125,0.0,0.0
2358,76.1666666667,0.0,0.0
2359,76.2083333333,0.0,0.0
2360,76.25,0.0,0.0
2361,76.2916666667,0.0,0.0
2362,76.3333333333,0.0,0.0
2363,76.375,0.0,0.0
2364,76.4166666667,0.0,0.0
2365,76.4583333333,0.0,0.0
2366,76.5,0.0,0.0
2367,76.5416666667,0.0,0.0
2368,76.5833333333,0.0,0.0
2369,76.625,0.0,0.0
2370,76.6666666667,0.0,0.0
2371,76.7083333333,0.0,0.0
2372,76.75,0.0,0.0
2373,76.7916666667,0.0,0.0
2374,76.8333333333,0.0,0.0
2375,76.875,0.0,0.0
2376,76.9166666667,0.0,0.0
2377,76.9583333333,0.0,0.0
2378,77.0,0.0,0.0
2379,77.0416666667,0.0,0.0
2380,77.0833333333,0.0,0.0
2381,77.125,0.0,0.0
2382,77.1666666667,0.0,0.0
2383,77.2083333333,0.0,0.0
2384,77.25,0.0,0.0
2385,77.2916666667,0.0,0.0
2386,77.3333333333,0.0,0.0
2387,77.375,0.0,0.0
2388,77.4166666667,0.0,0.0
2389,77.4583333333,0.0,0.0
2390,77.5,0.0,0.0
2391,77.5416666667,0.0,0.0
2392,77.5833333333,0.0,0.0
2393,77.625,0.0,0.0
2394,77.6666666667,0.0,0.0
2395,77.7083333333,0.0,0.0
2396,77.75,0.0,0.0
2397,77.7916666667,0.0,0.0
2398,77.8333333333,0.0,0.0
2399,77.875,0.0,0.0
2400,77.9166666667,0.0,0.0
2401,77.9583333333,0.0,0.0
2402,78.0,0.0,0.0
2403,78.0416666667,0.0,0.0
2404,78.0833333333,0.0,0.0
2405,78.125,0.0,0.0
2406,78.1666666667,0.0,0.0
2407,78.2083333333,0.0,0.0
2408,78.25,0.0,0.0
2409,78.2916666667,0.0,0.0
2410,78.3333333333,0.0,0.0
2411,78.375,0.0,0.0
2412,78.4166666667,0.0,0.0
2413,78.4583333333,0.0,0.0
2414,78.5,0.0,0.0
2415,78.5416666667,0.0,0.0
2416,78.5833333333,0.0,0.0
2417,78.625,0.0,0.0
2418,78.6666666667,0.0,0.0
2419,78.7083333333,0.0,0.0
2420,78.75,0.0,0.0
2421,78.7916666667,0.0,0.0
2422,78.8333333333,0.0,0.0
2423,78.875,0.0,0.0
2424,78.9166666667,0.0,0.0
2425,78.9583333333,0.0,0.0
2426,79.0,0.0,0.0
2427,79.0416666667,0.0,0.0
2428,79.0833333333,0.0,0.0
2429,79.125,0.0,0.0
2430,79.1666666667,0.0,0.0
2431,79.2083333333,0.0,0.0
2432,79.25,0.0,0.0
2433,79.2916666667,0.0,0.0
2434,79.3333333333,0.0,0.0
2435,79.375,0.0,0.0
2436,79.4166666667,0.0,0.0
2437,79.4583333333,0.0,0.0
2438,79.5,0.0,0.0
2439,79.5416666667,0.0,0.0
2440,79.5833333333,0.0,0.0
2441,79.625,0.0,0.0
2442,79.6666666667,0.0,0.0
2443,79.7083333333,0.0,0.0
2444,79.75,0.0,0.0
2445,79.7916666667,0.0,0.0
2446,79.8333333333,0.0,0.0
2447,79.875,0.0,0.0
2448,79.9166666667,0.0,0.0
2449,79.9583333333,0.0,0.0
2450,80.0,0.0,0.0
2451,80.0416666667,0.0,0.0
2452,80.0833333333,0.0,0.0
2453,80.125,0.0,0.0
2454,80.1666666667,0.0,0.0
2455,80.2083333333,0.0,0.0
2456,80.25,0.0,0.0
2457,80.2916666667,0.0,0.0
2458,80.3333333333,0.0,0.0
2459,80.375,0.0,0.0
2460,80.4166666667,0.0,0.0
2461,80.4583333333,0.0,0.0
2462,80.5,0.0,0.0
2463,80.5416666667,0.0,0.0
2464,80.5833333333,0.0,0.0
2465,80.625,0.0,0.0
2466,80.6666666667,0.0,0.0
2467,80.7083333333,0.0,0.0
2468,80.75,0.0,0.0
2469,80.7916666667,0.0,0.0
2470,80.8333333333,0.0,0.0
2471,80.875,0.0,0.0
2472,80.9166666667,0.0,0.0
2473,80.9583333333,0.0,0.0
2474,81.0,0.0,0.0
2475,81.0416666667,0.0,0.0
2476,81.0833333333,0.0,0.0
2477,81.125,0.0,0.0
2478,81.1666666667,0.0,0.0
2479,81.2083333333,0.0,0.0
2480,81.25,0.0,0.0
2481,81.2916666667,0.0,0.0
2482,81.3333333333,0.0,0.0
2483,81.375,0.0,0.0
2484,81.4166666667,0.0,0.0
2485,81.4583333333,0.0,0.0
2486,81.5,0.0,0.0
2487,81.5416666667,0.0,0.0
2488,81.5833333333,0.0,0.0
2489,81.625,0.0,0.0
2490,81.6666666667,0.0,0.0
2491,81.7083333333,0.0,0.0
2492,81.75,0.0,0.0
2493,81.7916666667,0.0,0.0
2494,81.8333333333,0.0,0.0
2495,81.875,0.0,0.0
2496,81.9166666667,0.0,0.0
2497,81.9583333333,0.0,0.0
2498,82.0,0.0,0.0
2499,82.0416666667,0.0,0.0
2500,82.0833333333,0.0,0.0
2501,82.125,0.0,0.0
2502,82.1666666667,0.0,0.0
2503,82.2083333333,0.0,0.0
2504,82.25,0.0,0.0
2505,82.2916666667,0.0,0.0
2506,82.3333333333,0.0,0.0
2507,82.375,0.0,0.0
2508,82.4166666667,0.0,0.0
2509,82.4583333333,0.0,0.0
2510,82.5,0.0,0.0
2511,82.5416666667,0.0,0.0
2512,82.5833333333,0.0,0.0
2513,82.625,0.0,0.0
2514,82.6666666667,0.0,0.0
2515,82.7083333333,0.0,0.0
2516,82.75,0.0,0.0
2517,82.7916666667,0.0,0.0
2518,82.8333333333,0.0,0.0
2519,82.875,0.0,0.0
2520,82.9166666667,0.0,0.0
2521,82.9583333333,0.0,0.0
2522,83.0,0.0,0.0
2523,83.0416666667,0.0,0.0
2524,83.0833333333,0.0,0.0
2525,83.125,0.0,0.0
2526,83.1666666667,0.0,0.0
2527,83.2083333333,0.0,0.0
2528,83.25,0.0,0.0
2529,83.2916666667,0.0,0.0
2530,83.3333333333,0.0,0.0
2531,83.375,0.0,0.0
2532,83.4166666667,0.0,0.0
2533,83.4583333333,0.0,0.0
2534,83.5,0.0,0.0
2535,83.5416666667,0.0,0.0
2536,83.5833333333,0.0,0.0
2537,83.625,0.0,0.0
2538,83.6666666667,0.0,0.0
2539,83.7083333333,0.0,0.0
2540,83.75,0.0,0.0
2541,83.7916666667,0.0,0.0
2542,83.8333333333,0.0,0.0
2543,83.875,0.0,0.0
2544,83.9166666667,0.0,0.0
2545,83.9583333333,0.0,0.0
2546,84.0,0.0,0.0
2547,84.0416666667,0.0,0.0
2548,84.0833333333,0.0,0.0
2549,84.125,0.0,0.0
2550,84.1666666667,0.0,0.0
2551,84.2083333333,0.0,0.0
2552,84.25,0.0,0.0
2553,84.2916666667,0.0,0.0
2554,84.3333333333,0.0,0.0
2555,84.375,0.0,0.0
2556,84.4166666667,0.0,0.0
2557,84.4583333333,0.0,0.0
2558,84.5,0.0,0.0
2559,84.5416666667,0.0,0.0
2560,84.5833333333,0.0,0.0
2561,84.625,0.0,0.0
2562,84.6666666667,0.0,0.0
2563,84.7083333333,0.0,0.0
2564,84.75,0.0,0.0
2565,84.7916666667,0.0,0.0
2566,84.8333333333,0.0,0.0
2567,84.875,0.0,0.0
2568,84.9166666667,0.0,0.0
2569,84.9583333333,0.0,0.0
2570,85.0,0.0,0.0
2571,85.0416666667,0.0,0.0
2572,85.0833333333,0.0,0.0
2573,85.125,0.0,0.0
2574,85.1666666667,0.0,0.0
2575,85.2083333333,0.0,0.0
2576,85.25,0.0,0.0
2577,85.2916666667,0.0,0.0
2578,85.3333333333,0.0,0.0
2579,85.375,0.0,0.0
2580,85.4166666667,0.0,0.0
2581,85.4583333333,0.0,0.0
2582,85.5,0.0,0.0
2583,85.5416666667,0.0,0.0
2584,85.5833333333,0.0,0.0
2585,85.625,0.0,0.0
2586,85.6666666667,0.0,0.0
2587,85.7083333333,0.0,0.0
2588,85.75,0.0,0.0
2589,85.7916666667,0.0,0.0
2590,85.8333333333,0.0,0.0
2591,85.875,0.0,0.0
2592,85.9166666667,0.0,0.0
2593,85.9583333333,0.0,0.0
2594,86.0,0.0,0.0
2595,86.0416666667,0.0,0.0
2596,86.0833333333,0.0,0.0
2597,86.125,0.0,0.0
2598,86.1666666667,0.0,0.0
2599,86.2083333333,0.0,0.0
2600,86.25,0.0,0.0
2601,86.2916666667,0.0,0.0
2602,86.3333333333,0.0,0.0
2603,86.375,0.0,0.0
2604,86.4166666667,0.0,0.0
2605,86.4583333333,0.0,0.0
2606,86.5,0.0,0.0
2607,86.5416666667,0.0,0.0
2608,86.5833333333,0.0,0.0
2609,86.625,0.0,0.0
2610,86.6666666667,0.0,0.0
2611,86.7083333333,0.0,0.0
2612,86.75,0.0,0.0
2613,86.7916666667,0.0,0.0
2614,86.8333333333,0.0,0.0
2615,86.875,0.0,0.0
2616,86.9166666667,0.0,0.0
2617,86.9583333333,0.0,0.0
2618,87.0,0.0,0.0
2619,87.0416666667,0.0,0.0
2620,87.0833333333,0.0,0.0
2621,87.125,0.0,0.0
2622,87.1666666667,0.0,0.0
2623,87.2083333333,0.0,0.0
2624,87.25,0.0,0.0
2625,87.2916666667,0.0,0.0
2626,87.3333333333,0.0,0.0
2627,87.375,0.0,0.0
2628,87.4166666667,0.0,0.0
2629,87.4583333333,0.0,0.0
2630,87.5,0.0,0.0
2631,87.5416666667,0.0,0.0
2632,87.5833333333,0.0,0.0
2633,87.625,0.0,0.0
2634,87.6666666667,0.0,0.0
2635,87.7083333333,0.0,0.0
2636,87.75,0.0,0.0
2637,87.7916666667,0.0,0.0
2638,87.8333333333,0.0,0.0
2639,87.875,0.0,0.0
2640,87.9166666667,0.0,0.0
2641,87.9583333333,0.0,0.0
2642,88.0,0.0,0.0
2643,88.0416666667,0.0,0.0
2644,88.0833333333,0.0,0.0
2645,88.125,0.0,0.0
2646,88.1666666667,0.0,0.0
2647,88.2083333333,0.0,0.0
2648,88.25,0.0,0.0
2649,88.2916666667,0.0,0.0
2650,88.3333333333,0.0,0.0
2651,88.375,0.0,0.0
2652,88.4166666667,0.0,0.0
2653,88.4583333333,0.0,0.0
2654,88.5,0.0,0.0
2655,88.5416666667,0.0,0.0
2656,88.5833333333,0.0,0.0
2657,88.625,0.0,0.0
2658,88.6666666667,0.0,0.0
2659,88.7083333333,0.0,0.0
2660,88.75,0.0,0.0
2661,88.7916666667,0.0,0.0
2662,88.8333333333,0.0,0.0
2663,88.875,0.0,0.0
2664,88.9166666667,0.0,0.0
2665,88.9583333333,0.0,0.0
2666,89.0,0.0,0.0
2667,89.0416666667,0.0,0.0
2668,89.0833333333,0.0,0.0
2669,89.125,0.0,0.0
2670,89.1666666667,0.0,0.0
2671,89.2083333333,0.0,0.0
2672,89.25,0.0,0.0
2673,89.2916666667,0.0,0.0
2674,89.3333333333,0.0,0.0
2675,89.375,0.0,0.0
2676,89.4166666667,0.0,0.0
2677,89.4583333333,0.0,0.0
2678,89.5,0.0,0.0
2679,89.5416666667,0.0,0.0
2680,89.5833333333,0.0,0.0
2681,89.625,0.0,0.0
2682,89.6666666667,0.0,0.0
2683,89.7083333333,0.0,0.0
2684,89.75,0.0,0.0
2685,89.7916666667,0.0,0.0
2686,89.8333333333,0.0,0.0
2687,89.875,0.0,0.0
2688,89.9166666667,0.0,0.0
2689,89.9583333333,0.0,0.0
2690,90.0,0.0,0.0
2691,90.0416666667,0.0,0.0
2692,90.0833333333,0.0,0.0
2693,90.125,0.0,0.0
2694,90.1666666667,0.0,0.0
2695,90.2083333333,0.0,0.0
2696,90.25,0.0,0.0
2697,90.2916666667,0.0,0.0
2698,90.3333333333,0.0,0.0
2699,90.375,0.0,0.0
2700,90.4166666667,0.0,0.0
2701,90.4583333333,0.0,0.0
2702,90.5,0.0,0.0
2703,90.5416666667,0.0,0.0
2704,90.5833333333,0.0,0.0
2705,90.625,0.0,0.0
2706,90.6666666667,0.0,0.0
2707,90.7083333333,0.0,0.0
2708,90.75,0.0,0.0
2709,90.7916666667,0.0,0.0
2710,90.8333333333,0.0,0.0
2711,90.875,0.0,0.0
2712,90.9166666667,0.0,0.0
2713,90.9583333333,0.0,0.0
2714,91.0,0.0,0.0
2715,91.0416666667,0.0,0.0
2716,91.0833333333,0.0,0.0
2717,91.125,0.0,0.0
2718,91.1666666667,0.0,0.0
2719,91.2083333333,0.0,0.0
2720,91.25,0.0,0.0
2721,91.2916666667,0.0,0.0
2722,91.3333333333,0.0,0.0
2723,91.375,0.0,0.0
2724,91.4166666667,0.0,0.0
2725,91.4583333333,0.0,0.0
2726,91.5,0.0,0.0
2727,91.5416666667,0.0,0.0
2728,91.5833333333,0.0,0.0
2729,91.625,0.0,0.0
2730,91.6666666667,0.0,0.0
2731,91.7083333333,0.0,0.0
2732,91.75,0.0,0.0
2733,91.7916666667,0.0,0.0
2734,91.8333333333,0.0,0.0
2735,91.875,0.0,0.0
2736,91.9166666667,0.0,0.0
2737,91.9583333333,0.0,0.0
2738,92.0,0.0,0.0
2739,92.0416666667,0.0,0.0
2740,92.0833333333,0.0,0.0
2741,92.125,0.0,0.0
2742,92.1666666667,0.0,0.0
2743,92.2083333333,0.0,0.0
2744,92.25,0.0,0.0
2745,92.2916666667,0.0,0.0
2746,92.3333333333,0.0,0.0
2747,92.375,0.0,0.0
2748,92.4166666667,0.0,0.0
2749,92.4583333333,0.0,0.0
2750,92.5,0.0,0.0
2751,92.5416666667,0.0,0.0
2752,92.5833333333,0.0,0.0
2753,92.625,0.0,0.0
2754,92.6666666667,0.0,0.0
2755,92.7083333333,0.0,0.0
2756,92.75,0.0,0.0
2757,92.7916666667,0.0,0.0
2758,92.8333333333,0.0,0.0
2759,92.875,0.0,0.0
2760,92.9166666667,0.0,0.0
2761,92.9583333333,0.0,0.0
2762,93.0,0.0,0.0
2763,93.0416666667,0.0,0.0
2764,93.0833333333,0.0,0.0
2765,93.125,0.0,0.0
2766,93.1666666667,0.0,0.0
2767,93.2083333333,0.0,0.0
2768,93.25,0.0,0.0
2769,93.2916666667,0.0,0.0
2770,93.3333333333,0.0,0.0
2771,93.375,0.0,0.0
2772,93.4166666667,0.0,0.0
2773,93.4583333333,0.0,0.0
2774,93.5,0.0,0.0
2775,93.5416666667,0.0,0.0
2776,93.5833333333,0.0,0.0
2777,93.625,0.0,0.0
2778,93.6666666667,0.0,0.0
2779,93.7083333333,0.0,0.0
2780,93.75,0.0,0.0
2781,93.7916666667,0.0,0.0
2782,93.8333333333,0.0,0.0
2783,93.875,0.0,0.0
2784,93.9166666667,0.0,0.0
2785,93.9583333333,0.0,0.0
2786,94.0,0.0,0.0
2787,94.0416666667,0.0,0.0
2788,94.0833333333,0.0,0.0
2789,94.125,0.0,0.0
2790,94.1666666667,0.0,0.0
2791,94.2083333333,0.0,0.0
2792,94.25,0.0,0.0
2793,94.2916666667,0.0,0.0
2794,94.3333333333,0.0,0.0
2795,94.375,0.0,0.0
2796,94.4166666667,0.0,0.0
2797,94.4583333333,0.0,0.0
2798,94.5,0.0,0.0
2799,94.5416666667,0.0,0.0
2800,94.5833333333,0.0,0.0
2801,94.625,0.0,0.0
2802,94.6666666667,0.0,0.0
2803,94.7083333333,0.0,0.0
2804,94.75,0.0,0.0
2805,94.7916666667,0.0,0.0
2806,94.8333333333,0.0,0.0
2807,94.875,0.0,0.0
2808,94.9166666667,0.0,0.0
2809,94.9583333333,0.0,0.0
2810,95.0,0.0,0.0
2811,95.0416666667,0.0,0.0
2812,95.0833333333,0.0,0.0
2813,95.125,0.0,0.0
2814,95.1666666667,0.0,0.0
2815,95.2083333333,0.0,0.0
2816,95.25,0.0,0.0
2817,95.2916666667,0.0,0.0
2818,95.3333333333,0.0,0.0
2819,95.375,0.0,0.0
2820,95.4166666667,0.0,0.0
2821,95.4583333333,0.0,0.0
2822,95.5,0.0,0.0
2823,95.5416666667,0.0,0.0
2824,95.5833333333,0.0,0.0
2825,95.625,0.0,0.0
2826,95.6666666667,0.0,0.0
2827,95.7083333333,0.0,0.0
2828,95.75,0.0,0.0
2829,95.7916666667,0.0,0.0
2830,95.8333333333,0.0,0.0
2831,95.875,0.0,0.0
2832,95.9166666667,0.0,0.0
2833,95.9583333333,0.0,0.0
2834,96.0,0.0,0.0
2835,96.0416666667,0.0,0.0
2836,96.0833333333,0.0,0.0
2837,96.125,0.0,0.0
2838,96.1666666667,0.0,0.0
2839,96.2083333333,0.0,0.0
2840,96.25,0.0,0.0
2841,96.2916666667,0.0,0.0
2842,96.3333333333,0.0,0.0
2843,96.375,0.0,0.0
2844,96.4166666667,0.0,0.0
2845,96.4583333333,0.0,0.0
2846,96.5,0.0,0.0
2847,96.5416666667,0.0,0.0
2848,96.5833333333,0.0,0.0
2849,96.625,0.0,0.0
2850,96.6666666667,0.0,0.0
2851,96.7083333333,0.0,0.0
2852,96.75,0.0,0.0
2853,96.7916666667,0.0,0.0
2854,96.8333333333,0.0,0.0
2855,96.875,0.0,0.0
2856,96.9166666667,0.0,0.0
2857,96.9583333333,0.0,0.0
2858,97.0,0.0,0.0
2859,97.0416666667,0.0,0.0
2860,97.0833333333,0.0,0.0
2861,97.125,0.0,0.0
2862,97.1666666667,0.0,0.0
2863,97.2083333333,0.0,0.0
2864,97.25,0.0,0.0
2865,97.2916666667,0.0,0.0
2866,97.3333333333,0.0,0.0
2867,97.375,0.0,0.0
2868,97.4166666667,0.0,0.0
2869,97.4583333333,0.0,0.0
2870,97.5,0.0,0.0
2871,97.5416666667,0.0,0.0
2872,97.5833333333,0.0,0.0
2873,97.625,0.0,0.0
2874,97.6666666667,0.0,0.0
2875,97.7083333333,0.0,0.0
2876,97.75,0.0,0.0
2877,97.7916666667,0.0,0.0
2878,97.8333333333,0.0,0.0
2879,97.875,0.0,0.0
2880,97.9166666667,0.0,0.0
2881,97.9583333333,0.0,0.0
2882,98.0,0.0,0.0
2883,98.0416666667,0.0,0.0
2884,98.0833333333,0.0,0.0
2885,98.125,0.0,0.0
2886,98.1666666667,0.0,0.0
2887,98.2083333333,0.0,0.0
2888,98.25,0.0,0.0
2889,98.2916666667,0.0,0.0
2890,98.3333333333,0.0,0.0
2891,98.375,0.0,0.0
2892,98.4166666667,0.0,0.0
2893,98.4583333333,0.0,0.0
2894,98.5,0.0,0.0
2895,98.5416666667,0.0,0.0
2896,98.5833333333,0.0,0.0
2897,98.625,0.0,0.0
2898,98.6666666667,0.0,0.0
2899,98.7083333333,0.0,0.0
2900,98.75,0.0,0.0
2901,98.7916666667,0.0,0.0
2902,98.8333333333,0.0,0.0
2903,98.875,0.0,0.0
2904,98.9166666667,0.0,0.0
2905,98.9583333333,0.0,0.0
2906,99.0,0.0,0.0
2907,99.0416666667,0.0,0.0
2908,99.0833333333,0.0,0.0
2909,99.125,0.0,0.0
2910,99.1666666667,0.0,0.0
2911,99.2083333333,0.0,0.0
2912,99.25,0.0,0.0
2913,99.2916666667,0.0,0.0
2914,99.3333333333,0.0,0.0
2915,99.375,0.0,0.0
2916,99.4166666667,0.0,0.0
2917,99.4583333333,0.0,0.0
2918,99.5,0.0,0.0
2919,99.5416666667,0.0,0.0
2920,99.5833333333,0.0,0.0
2921,99.625,0.0,0.0
2922,99.6666666667,0.0,0.0
2923,99.7083333333,0.0,0.0
2924,99.75,0.0,0.0
2925,99.7916666667,0.0,0.0
2926,99.8333333333,0.0,0.0
2927,99.875,0.0,0.0
2928,99.9166666667,0.0,0.0
2929,99.9583333333,0.0,0.0
2930,100.0,0.0,0.0
2931,100.041666667,0.0,0.0
2932,100.083333333,0.0,0.0
2933,100.125,0.0,0.0
2934,100.166666667,0.0,0.0
2935,100.208333333,0.0,0.0
2936,100.25,0.0,0.0
2937,100.291666667,0.0,0.0
2938,100.333333333,0.0,0.0
2939,100.375,0.0,0.0
2940,100.416666667,0.0,0.0
2941,100.458333333,0.0,0.0
2942,100.5,0.0,0.0
2943,100.541666667,0.0,0.0
2944,100.583333333,0.0,0.0
2945,100.625,0.0,0.0
2946,100.666666667,0.0,0.0
2947,100.708333333,0.0,0.0
2948,100.75,0.0,0.0
2949,100.791666667,0.0,0.0
2950,100.833333333,0.0,0.0
2951,100.875,0.0,0.0
2952,100.916666667,0.0,0.0
2953,100.958333333,0.0,0.0
2954,101.0,0.0,0.0
2955,101.041666667,0.0,0.0
2956,101.083333333,0.0,0.0
2957,101.125,0.0,0.0
2958,101.166666667,0.0,0.0
2959,101.208333333,0.0,0.0
2960,101.25,0.0,0.0
2961,101.291666667,0.0,0.0
2962,101.333333333,0.0,0.0
2963,101.375,0.0,0.0
2964,101.416666667,0.0,0.0
2965,101.458333333,0.0,0.0
2966,101.5,0.0,0.0
2967,101.541666667,0.0,0.0
2968,101.583333333,0.0,0.0
2969,101.625,0.0,0.0
2970,101.666666667,0.0,0.0
2971,101.708333333,0.0,0.0
2972,101.75,0.0,0.0
2973,101.791666667,0.0,0.0
2974,101.833333333,0.0,0.0
2975,101.875,0.0,0.0
2976,101.916666667,0.0,0.0
2977,101.958333333,0.0,0.0
2978,102.0,0.0,0.0
2979,102.041666667,0.0,0.0
2980,102.083333333,0.0,0.0
2981,102.125,0.0,0.0
2982,102.166666667,0.0,0.0
2983,102.208333333,0.0,0.0
2984,102.25,0.0,0.0
2985,102.291666667,0.0,0.0
2986,102.333333333,0.0,0.0
2987,102.375,0.0,0.0
2988,102.416666667,0.0,0.0
2989,102.458333333,0.0,0.0
2990,102.5,0.0,0.0
2991,102.541666667,0.0,0.0
2992,102.583333333,0.0,0.0
2993,102.625,0.0,0.0
2994,102.666666667,0.0,0.0
2995,102.708333333,0.0,0.0
2996,102.75,0.0,0.0
2997,102.791666667,0.0,0.0
2998,102.833333333,0.0,0.0
2999,102.875,0.0,0.0
3000,102.916666667,0.0,0.0
3001,102.958333333,0.0,0.0
3002,103.0,0.0,0.0
3003,103.041666667,0.0,0.0
3004,103.083333333,0.0,0.0
3005,103.125,0.0,0.0
3006,103.166666667,0.0,0.0
3007,103.208333333,0.0,0.0
3008,103.25,0.0,0.0
3009,103.291666667,0.0,0.0
3010,103.333333333,0.0,0.0
3011,103.375,0.0,0.0
3012,103.416666667,0.0,0.0
3013,103.458333333,0.0,0.0
3014,103.5,0.0,0.0
3015,103.541666667,0.0,0.0
3016,103.583333333,0.0,0.0
3017,103.625,0.0,0.0
3018,103.666666667,0.0,0.0
3019,103.708333333,0.0,0.0
3020,103.75,0.0,0.0
3021,103.791666667,0.0,0.0
3022,103.833333333,0.0,0.0
3023,103.875,0.0,0.0
3024,103.916666667,0.0,0.0
3025,103.958333333,0.0,0.0
3026,104.0,0.0,0.0
3027,104.041666667,0.0,0.0
3028,104.083333333,0.0,0.0
3029,104.125,0.0,0.0
3030,104.166666667,0.0,0.0
3031,104.208333333,0.0,0.0
3032,104.25,0.0,0.0
3033,104.291666667,0.0,0.0
3034,104.333333333,0.0,0.0
3035,104.375,0.0,0.0
3036,104.416666667,0.0,0.0
3037,104.458333333,0.0,0.0
3038,104.5,0.0,0.0
3039,104.541666667,0.0,0.0
3040,104.583333333,0.0,0.0
3041,104.625,0.0,0.0
3042,104.666666667,0.0,0.0
3043,104.708333333,0.0,0.0
3044,104.75,0.0,0.0
3045,104.791666667,0.0,0.0
3046,104.833333333,0.0,0.0
3047,104.875,0.0,0.0
3048,104.916666667,0.0,0.0
3049,104.958333333,0.0,0.0
3050,105.0,0.0,0.0
3051,105.041666667,0.0,0.0
3052,105.083333333,0.0,0.0
3053,105.125,0.0,0.0
3054,105.166666667,0.0,0.0
3055,105.208333333,0.0,0.0
3056,105.25,0.0,0.0
3057,105.291666667,0.0,0.0
3058,105.333333333,0.0,0.0
3059,105.375,0.0,0.0
3060,105.416666667,0.0,0.0
3061,105.458333333,0.0,0.0
3062,105.5,0.0,0.0
3063,105.541666667,0.0,0.0
3064,105.583333333,0.0,0.0
3065,105.625,0.0,0.0
3066,105.666666667,0.0,0.0
3067,105.708333333,0.0,0.0
3068,105.75,0.0,0.0
3069,105.791666667,0.0,0.0
3070,105.833333333,0.0,0.0
3071,105.875,0.0,0.0
3072,105.916666667,0.0,0.0
3073,105.958333333,0.0,0.0
3074,106.0,0.0,0.0
3075,106.041666667,0.0,0.0
3076,106.083333333,0.0,0.0
3077,106.125,0.0,0.0
3078,106.166666667,0.0,0.0
3079,106.208333333,0.0,0.0
3080,106.25,0.0,0.0
